Bromeliad	Carbon	Scenario	Time	Block	Abs
3	31	4	0	2	-0.001
3	5	4	0	2	0.071
3	16	4	0	2	0.143
3	17	4	0	2	0.095
3	6	4	0	2	0.069
3	10	4	0	2	0.404
3	24	4	0	2	-0.002
3	26	4	0	2	0.123
3	14	4	0	2	0.004
3	1	4	0	2	0.018
3	18	4	0	2	0.006
3	19	4	0	2	0.022
3	2	4	0	2	0.067
3	9	4	0	2	-0.015
3	27	4	0	2	0.027
3	28	4	0	2	0.182
3	21	4	0	2	0.080
3	25	4	0	2	0.106
3	20	4	0	2	0.097
3	13	4	0	2	0.009
3	15	4	0	2	-0.013
3	7	4	0	2	-0.003
3	12	4	0	2	-0.007
3	4	4	0	2	0.158
3	11	4	0	2	0.145
3	30	4	0	2	0.398
3	22	4	0	2	0.200
3	23	4	0	2	0.296
3	8	4	0	2	0.130
3	3	4	0	2	0.051
3	29	4	0	2	0.066
26	31	4	0	4	0.080
26	5	4	0	4	0.205
26	16	4	0	4	0.174
26	17	4	0	4	-0.012
26	6	4	0	4	0.244
26	10	4	0	4	0.165
26	24	4	0	4	0.162
26	26	4	0	4	0.453
26	14	4	0	4	0.136
26	1	4	0	4	0.176
26	18	4	0	4	0.298
26	19	4	0	4	0.272
26	2	4	0	4	-0.110
26	9	4	0	4	-0.078
26	27	4	0	4	-0.062
26	28	4	0	4	0.122
26	21	4	0	4	0.167
26	25	4	0	4	0.192
26	20	4	0	4	0.235
26	13	4	0	4	-0.106
26	15	4	0	4	-0.095
26	7	4	0	4	-0.118
26	12	4	0	4	-0.105
26	4	4	0	4	0.316
26	11	4	0	4	0.191
26	30	4	0	4	0.180
26	22	4	0	4	0.136
26	23	4	0	4	-0.113
26	8	4	0	4	-0.131
26	3	4	0	4	-0.117
26	29	4	0	4	-0.118
36	31	4	0	2	-0.007
36	5	4	0	2	0.054
36	16	4	0	2	0.087
36	17	4	0	2	0.000
36	6	4	0	2	0.065
36	10	4	0	2	0.008
36	24	4	0	2	0.006
36	26	4	0	2	0.010
36	14	4	0	2	-0.017
36	1	4	0	2	-0.016
36	18	4	0	2	-0.015
36	19	4	0	2	0.163
36	2	4	0	2	-0.007
36	9	4	0	2	0.016
36	27	4	0	2	0.005
36	28	4	0	2	0.007
36	21	4	0	2	0.000
36	25	4	0	2	0.004
36	20	4	0	2	-0.011
36	13	4	0	2	0.120
36	15	4	0	2	0.023
36	7	4	0	2	0.063
36	12	4	0	2	0.004
36	4	4	0	2	-0.024
36	11	4	0	2	-0.019
36	30	4	0	2	0.055
36	22	4	0	2	0.072
36	23	4	0	2	0.172
36	8	4	0	2	0.197
36	3	4	0	2	0.176
36	29	4	0	2	0.332
40	31	4	0	3	0.140
40	5	4	0	3	0.113
40	16	4	0	3	0.508
40	17	4	0	3	0.035
40	6	4	0	3	0.146
40	10	4	0	3	0.085
40	24	4	0	3	0.292
40	26	4	0	3	0.155
40	14	4	0	3	0.013
40	1	4	0	3	0.138
40	18	4	0	3	0.066
40	19	4	0	3	0.076
40	2	4	0	3	0.019
40	9	4	0	3	0.023
40	27	4	0	3	0.063
40	28	4	0	3	0.022
40	21	4	0	3	-0.001
40	25	4	0	3	0.039
40	20	4	0	3	0.008
40	13	4	0	3	0.005
40	15	4	0	3	0.014
40	7	4	0	3	0.016
40	12	4	0	3	-0.005
40	4	4	0	3	-0.004
40	11	4	0	3	0.000
40	30	4	0	3	0.032
40	22	4	0	3	0.012
40	23	4	0	3	-0.004
40	8	4	0	3	-0.005
40	3	4	0	3	-0.001
40	29	4	0	3	0.005
44	31	4	0	3	0.247
44	5	4	0	3	0.200
44	16	4	0	3	0.298
44	17	4	0	3	-0.006
44	6	4	0	3	0.065
44	10	4	0	3	-0.014
44	24	4	0	3	0.059
44	26	4	0	3	0.452
44	14	4	0	3	0.297
44	1	4	0	3	0.243
44	18	4	0	3	0.232
44	19	4	0	3	-0.001
44	2	4	0	3	-0.015
44	9	4	0	3	-0.009
44	27	4	0	3	-0.004
44	28	4	0	3	0.021
44	21	4	0	3	-0.010
44	25	4	0	3	0.020
44	20	4	0	3	0.003
44	13	4	0	3	-0.014
44	15	4	0	3	-0.019
44	7	4	0	3	-0.015
44	12	4	0	3	-0.015
44	4	4	0	3	0.011
44	11	4	0	3	0.016
44	30	4	0	3	0.005
44	22	4	0	3	0.001
44	23	4	0	3	0.042
44	8	4	0	3	0.027
44	3	4	0	3	0.043
44	29	4	0	3	-0.009
6	31	3	0	4	-0.056
6	5	3	0	4	0.646
6	16	3	0	4	0.710
6	17	3	0	4	0.928
6	6	3	0	4	0.005
6	10	3	0	4	0.625
6	24	3	0	4	0.067
6	26	3	0	4	0.278
6	14	3	0	4	-0.037
6	1	3	0	4	0.007
6	18	3	0	4	-0.063
6	19	3	0	4	0.048
6	2	3	0	4	0.502
6	9	3	0	4	-0.132
6	27	3	0	4	1.005
6	28	3	0	4	-0.038
6	21	3	0	4	0.027
6	25	3	0	4	-0.098
6	20	3	0	4	0.003
6	13	3	0	4	-0.137
6	15	3	0	4	-0.181
6	7	3	0	4	-0.097
6	12	3	0	4	-0.177
6	4	3	0	4	-0.114
6	11	3	0	4	-0.108
6	30	3	0	4	-0.106
6	22	3	0	4	-0.077
6	23	3	0	4	-0.213
6	8	3	0	4	-0.219
6	3	3	0	4	-0.195
6	29	3	0	4	-0.195
15	31	3	0	2	0.450
15	5	3	0	2	0.288
15	16	3	0	2	1.189
15	17	3	0	2	-0.250
15	6	3	0	2	-0.152
15	10	3	0	2	-0.142
15	24	3	0	2	-0.219
15	26	3	0	2	-0.235
15	14	3	0	2	-0.252
15	1	3	0	2	-0.248
15	18	3	0	2	-0.251
15	19	3	0	2	-0.050
15	2	3	0	2	-0.211
15	9	3	0	2	-0.242
15	27	3	0	2	-0.249
15	28	3	0	2	-0.243
15	21	3	0	2	-0.263
15	25	3	0	2	-0.243
15	20	3	0	2	-0.256
15	13	3	0	2	-0.116
15	15	3	0	2	-0.124
15	7	3	0	2	-0.189
15	12	3	0	2	-0.190
15	4	3	0	2	-0.232
15	11	3	0	2	-0.241
15	30	3	0	2	-0.190
15	22	3	0	2	-0.241
15	23	3	0	2	0.017
15	8	3	0	2	-0.038
15	3	3	0	2	-0.096
15	29	3	0	2	-0.056
23	31	3	0	2	-0.011
23	5	3	0	2	-0.031
23	16	3	0	2	-0.018
23	17	3	0	2	0.009
23	6	3	0	2	0.031
23	10	3	0	2	-0.030
23	24	3	0	2	-0.015
23	26	3	0	2	0.146
23	14	3	0	2	-0.013
23	1	3	0	2	0.005
23	18	3	0	2	-0.025
23	19	3	0	2	0.019
23	2	3	0	2	-0.024
23	9	3	0	2	-0.019
23	27	3	0	2	0.015
23	28	3	0	2	0.043
23	21	3	0	2	-0.022
23	25	3	0	2	0.122
23	20	3	0	2	0.029
23	13	3	0	2	-0.014
23	15	3	0	2	-0.019
23	7	3	0	2	-0.025
23	12	3	0	2	-0.011
23	4	3	0	2	0.183
23	11	3	0	2	0.266
23	30	3	0	2	0.321
23	22	3	0	2	0.224
23	23	3	0	2	0.004
23	8	3	0	2	0.017
23	3	3	0	2	-0.024
23	29	3	0	2	-0.006
38	31	3	0	3	0.018
38	5	3	0	3	0.015
38	16	3	0	3	0.021
38	17	3	0	3	0.258
38	6	3	0	3	0.175
38	10	3	0	3	0.209
38	24	3	0	3	0.526
38	26	3	0	3	0.049
38	14	3	0	3	-0.015
38	1	3	0	3	0.003
38	18	3	0	3	0.059
38	19	3	0	3	0.212
38	2	3	0	3	0.064
38	9	3	0	3	0.027
38	27	3	0	3	0.029
38	28	3	0	3	-0.020
38	21	3	0	3	-0.019
38	25	3	0	3	-0.011
38	20	3	0	3	-0.011
38	13	3	0	3	-0.014
38	15	3	0	3	-0.023
38	7	3	0	3	-0.006
38	12	3	0	3	-0.010
38	4	3	0	3	-0.027
38	11	3	0	3	-0.022
38	30	3	0	3	-0.008
38	22	3	0	3	-0.011
38	23	3	0	3	-0.001
38	8	3	0	3	-0.023
38	3	3	0	3	-0.018
38	29	3	0	3	0.000
49	31	3	0	4	-0.032
49	5	3	0	4	-0.070
49	16	3	0	4	0.049
49	17	3	0	4	0.043
49	6	3	0	4	-0.019
49	10	3	0	4	0.405
49	24	3	0	4	0.093
49	26	3	0	4	-0.041
49	14	3	0	4	-0.033
49	1	3	0	4	-0.033
49	18	3	0	4	-0.067
49	19	3	0	4	0.073
49	2	3	0	4	-0.108
49	9	3	0	4	-0.081
49	27	3	0	4	-0.076
49	28	3	0	4	-0.109
49	21	3	0	4	-0.113
49	25	3	0	4	-0.081
49	20	3	0	4	-0.136
49	13	3	0	4	-0.167
49	15	3	0	4	-0.200
49	7	3	0	4	-0.173
49	12	3	0	4	-0.210
49	4	3	0	4	-0.118
49	11	3	0	4	-0.128
49	30	3	0	4	-0.079
49	22	3	0	4	0.123
49	23	3	0	4	-0.214
49	8	3	0	4	-0.200
49	3	3	0	4	-0.218
49	29	3	0	4	-0.206
12	31	2	0	2	-0.013
12	5	2	0	2	0.070
12	16	2	0	2	0.359
12	17	2	0	2	0.011
12	6	2	0	2	0.155
12	10	2	0	2	0.100
12	24	2	0	2	0.228
12	26	2	0	2	0.012
12	14	2	0	2	0.029
12	1	2	0	2	-0.004
12	18	2	0	2	-0.017
12	19	2	0	2	0.044
12	2	2	0	2	0.003
12	9	2	0	2	-0.003
12	27	2	0	2	-0.010
12	28	2	0	2	0.021
12	21	2	0	2	-0.011
12	25	2	0	2	-0.005
12	20	2	0	2	-0.012
12	13	2	0	2	0.032
12	15	2	0	2	0.006
12	7	2	0	2	-0.002
12	12	2	0	2	0.002
12	4	2	0	2	0.054
12	11	2	0	2	0.009
12	30	2	0	2	0.045
12	22	2	0	2	0.025
12	23	2	0	2	0.255
12	8	2	0	2	0.258
12	3	2	0	2	0.103
12	29	2	0	2	0.049
13	13	2	0	3	-0.054
13	15	2	0	3	-0.041
13	7	2	0	3	0.043
13	12	2	0	3	-0.041
13	4	2	0	3	0.042
13	11	2	0	3	-0.030
13	30	2	0	3	-0.019
13	22	2	0	3	-0.032
14	31	2	0	4	-0.062
14	5	2	0	4	0.512
14	16	2	0	4	0.685
14	17	2	0	4	0.793
14	6	2	0	4	0.775
14	10	2	0	4	0.843
14	24	2	0	4	1.101
14	26	2	0	4	-0.137
14	14	2	0	4	0.057
14	1	2	0	4	-0.204
14	18	2	0	4	-0.184
14	19	2	0	4	-0.252
14	2	2	0	4	-0.268
14	9	2	0	4	-0.287
14	27	2	0	4	-0.293
14	28	2	0	4	-0.253
14	21	2	0	4	-0.294
14	25	2	0	4	-0.218
14	20	2	0	4	-0.288
14	13	2	0	4	-0.298
14	15	2	0	4	-0.316
14	7	2	0	4	-0.312
14	12	2	0	4	-0.317
14	4	2	0	4	-0.321
14	11	2	0	4	-0.322
14	30	2	0	4	-0.288
14	22	2	0	4	-0.307
14	23	2	0	4	-0.328
14	8	2	0	4	-0.315
14	3	2	0	4	-0.328
14	29	2	0	4	-0.325
16	13	2	0	3	-0.010
16	15	2	0	3	-0.013
16	7	2	0	3	0.016
16	12	2	0	3	-0.014
16	4	2	0	3	-0.016
16	11	2	0	3	-0.006
16	30	2	0	3	0.020
16	22	2	0	3	-0.001
24	31	2	0	2	-0.116
24	5	2	0	2	-0.101
24	16	2	0	2	-0.121
24	17	2	0	2	-0.113
24	6	2	0	2	-0.050
24	10	2	0	2	-0.115
24	24	2	0	2	-0.122
24	26	2	0	2	-0.083
24	14	2	0	2	-0.113
24	1	2	0	2	-0.098
24	18	2	0	2	-0.119
24	19	2	0	2	-0.063
24	2	2	0	2	-0.101
24	9	2	0	2	-0.103
24	27	2	0	2	-0.108
24	28	2	0	2	-0.082
24	21	2	0	2	-0.100
24	25	2	0	2	-0.085
24	20	2	0	2	-0.111
24	13	2	0	2	-0.093
24	15	2	0	2	-0.107
24	7	2	0	2	-0.103
24	12	2	0	2	-0.105
24	4	2	0	2	0.248
24	11	2	0	2	-0.105
24	30	2	0	2	-0.071
24	22	2	0	2	-0.062
24	23	2	0	2	0.033
24	8	2	0	2	0.071
24	3	2	0	2	-0.018
24	29	2	0	2	-0.046
27	31	2	0	3	0.236
27	5	2	0	3	0.220
27	16	2	0	3	0.248
27	17	2	0	3	-0.020
27	6	2	0	3	0.595
27	10	2	0	3	0.688
27	24	2	0	3	-0.017
27	26	2	0	3	0.359
27	14	2	0	3	0.044
27	1	2	0	3	0.320
27	18	2	0	3	0.286
27	19	2	0	3	-0.002
27	2	2	0	3	-0.023
27	9	2	0	3	0.004
27	27	2	0	3	0.051
27	28	2	0	3	-0.001
27	21	2	0	3	-0.003
27	25	2	0	3	0.025
27	20	2	0	3	0.012
27	13	2	0	3	-0.016
27	15	2	0	3	-0.012
27	7	2	0	3	0.002
27	12	2	0	3	-0.002
27	4	2	0	3	-0.008
27	11	2	0	3	-0.014
27	30	2	0	3	0.013
27	22	2	0	3	0.017
27	23	2	0	3	0.059
27	8	2	0	3	-0.002
27	3	2	0	3	0.135
27	29	2	0	3	-0.006
52	31	2	0	3	0.013
52	5	2	0	3	0.050
52	16	2	0	3	0.108
52	17	2	0	3	0.204
52	6	2	0	3	0.170
52	10	2	0	3	0.297
52	24	2	0	3	0.518
52	26	2	0	3	0.116
52	14	2	0	3	-0.012
52	1	2	0	3	0.040
52	18	2	0	3	0.031
52	19	2	0	3	0.201
52	2	2	0	3	-0.007
52	9	2	0	3	0.062
52	27	2	0	3	0.023
52	28	2	0	3	0.000
52	21	2	0	3	-0.009
52	25	2	0	3	0.006
52	20	2	0	3	0.002
52	13	2	0	3	-0.004
52	15	2	0	3	-0.020
52	7	2	0	3	-0.017
52	12	2	0	3	0.000
52	4	2	0	3	-0.007
52	11	2	0	3	-0.009
52	30	2	0	3	0.050
52	22	2	0	3	-0.001
52	23	2	0	3	0.087
52	8	2	0	3	-0.012
52	3	2	0	3	-0.010
52	29	2	0	3	-0.013
13	31	1	0	3	-0.010
13	5	1	0	3	0.182
13	16	1	0	3	0.076
13	17	1	0	3	1.066
13	6	1	0	3	0.512
13	10	1	0	3	0.790
13	24	1	0	3	0.193
13	26	1	0	3	0.003
13	14	1	0	3	-0.078
13	1	1	0	3	-0.049
13	18	1	0	3	-0.049
13	19	1	0	3	0.172
13	2	1	0	3	0.610
13	9	1	0	3	0.064
13	27	1	0	3	0.008
13	28	1	0	3	-0.054
13	21	1	0	3	-0.078
13	25	1	0	3	-0.070
13	20	1	0	3	-0.070
13	23	1	0	3	-0.074
13	8	1	0	3	-0.044
13	3	1	0	3	-0.057
13	29	1	0	3	-0.031
16	31	1	0	3	0.298
16	5	1	0	3	0.646
16	16	1	0	3	0.229
16	17	1	0	3	0.176
16	6	1	0	3	0.114
16	10	1	0	3	0.296
16	24	1	0	3	0.408
16	26	1	0	3	0.256
16	14	1	0	3	0.301
16	1	1	0	3	0.102
16	18	1	0	3	0.039
16	19	1	0	3	0.052
16	2	1	0	3	0.036
16	9	1	0	3	0.024
16	27	1	0	3	0.032
16	28	1	0	3	0.000
16	21	1	0	3	0.005
16	25	1	0	3	0.065
16	20	1	0	3	-0.001
16	23	1	0	3	-0.007
16	8	1	0	3	-0.005
16	3	1	0	3	-0.010
16	29	1	0	3	-0.015
22	31	1	0	4	0.553
22	5	1	0	4	0.198
22	16	1	0	4	0.355
22	17	1	0	4	0.317
22	6	1	0	4	0.587
22	10	1	0	4	0.666
22	24	1	0	4	0.689
22	26	1	0	4	0.555
22	14	1	0	4	0.387
22	1	1	0	4	0.259
22	18	1	0	4	0.718
22	19	1	0	4	0.221
22	2	1	0	4	0.114
22	9	1	0	4	0.086
22	27	1	0	4	0.437
22	28	1	0	4	0.026
22	21	1	0	4	0.043
22	25	1	0	4	0.096
22	20	1	0	4	0.154
22	13	1	0	4	0.183
22	15	1	0	4	0.133
22	7	1	0	4	0.122
22	12	1	0	4	0.331
22	4	1	0	4	0.028
22	11	1	0	4	0.019
22	30	1	0	4	0.044
22	22	1	0	4	0.047
22	23	1	0	4	0.274
22	8	1	0	4	0.132
22	3	1	0	4	0.157
22	29	1	0	4	0.092
29	31	1	0	4	0.139
29	5	1	0	4	0.148
29	16	1	0	4	0.317
29	17	1	0	4	0.219
29	6	1	0	4	0.530
29	10	1	0	4	0.240
29	24	1	0	4	0.303
29	26	1	0	4	0.537
29	14	1	0	4	0.126
29	1	1	0	4	0.192
29	18	1	0	4	0.276
29	19	1	0	4	0.308
29	2	1	0	4	0.196
29	9	1	0	4	0.226
29	27	1	0	4	0.348
29	28	1	0	4	-0.003
29	21	1	0	4	-0.032
29	25	1	0	4	-0.008
29	20	1	0	4	-0.018
29	13	1	0	4	0.422
29	15	1	0	4	0.316
29	7	1	0	4	0.172
29	12	1	0	4	0.199
29	4	1	0	4	-0.040
29	11	1	0	4	-0.043
29	30	1	0	4	-0.026
29	22	1	0	4	-0.022
29	23	1	0	4	0.218
29	8	1	0	4	0.217
29	3	1	0	4	0.459
29	29	1	0	4	0.236
46	31	1	0	2	-0.317
46	5	1	0	2	-0.321
46	16	1	0	2	-0.321
46	17	1	0	2	-0.286
46	6	1	0	2	-0.239
46	10	1	0	2	-0.278
46	24	1	0	2	-0.314
46	26	1	0	2	-0.162
46	14	1	0	2	-0.329
46	1	1	0	2	-0.304
46	18	1	0	2	-0.321
46	19	1	0	2	-0.308
46	2	1	0	2	-0.306
46	9	1	0	2	-0.320
46	27	1	0	2	-0.323
46	28	1	0	2	-0.237
46	21	1	0	2	-0.316
46	25	1	0	2	-0.265
46	20	1	0	2	-0.317
46	13	1	0	2	-0.313
46	15	1	0	2	-0.324
46	7	1	0	2	-0.324
46	12	1	0	2	-0.306
46	4	1	0	2	-0.092
46	11	1	0	2	-0.052
46	30	1	0	2	0.149
46	22	1	0	2	-0.078
46	23	1	0	2	-0.315
46	8	1	0	2	-0.266
46	3	1	0	2	-0.310
46	29	1	0	2	0.296
51	31	1	0	2	-0.002
51	5	1	0	2	-0.006
51	16	1	0	2	-0.012
51	17	1	0	2	-0.010
51	6	1	0	2	0.060
51	10	1	0	2	-0.007
51	24	1	0	2	0.048
51	26	1	0	2	0.131
51	14	1	0	2	-0.014
51	1	1	0	2	0.004
51	18	1	0	2	-0.012
51	19	1	0	2	0.041
51	2	1	0	2	-0.010
51	9	1	0	2	-0.001
51	27	1	0	2	0.000
51	28	1	0	2	0.021
51	21	1	0	2	0.007
51	25	1	0	2	0.025
51	20	1	0	2	0.004
51	13	1	0	2	0.031
51	15	1	0	2	0.052
51	7	1	0	2	-0.008
51	12	1	0	2	-0.012
51	4	1	0	2	0.092
51	11	1	0	2	0.026
51	30	1	0	2	0.059
51	22	1	0	2	0.042
51	23	1	0	2	0.097
51	8	1	0	2	0.227
51	3	1	0	2	0.078
51	29	1	0	2	0.042
3	31	4	24	2	0.085
3	5	4	24	2	0.156
3	16	4	24	2	0.482
3	17	4	24	2	0.603
3	6	4	24	2	-0.056
3	10	4	24	2	0.342
3	24	4	24	2	0.083
3	26	4	24	2	-0.392
3	14	4	24	2	-0.470
3	1	4	24	2	-0.476
3	18	4	24	2	-0.389
3	19	4	24	2	0.048
3	2	4	24	2	0.242
3	9	4	24	2	-0.260
3	27	4	24	2	0.488
3	28	4	24	2	-0.457
3	21	4	24	2	-0.381
3	25	4	24	2	-0.457
3	20	4	24	2	-0.491
3	13	4	24	2	-0.340
3	15	4	24	2	-0.438
3	7	4	24	2	-0.356
3	12	4	24	2	-0.399
3	4	4	24	2	-0.281
3	11	4	24	2	-0.406
3	30	4	24	2	-0.461
3	22	4	24	2	-0.448
3	23	4	24	2	-0.443
3	8	4	24	2	-0.391
3	3	4	24	2	-0.462
3	29	4	24	2	-0.316
26	31	4	24	4	0.091
26	5	4	24	4	-0.282
26	16	4	24	4	-0.340
26	17	4	24	4	0.388
26	6	4	24	4	0.354
26	10	4	24	4	0.118
26	24	4	24	4	-0.104
26	26	4	24	4	0.011
26	14	4	24	4	-0.577
26	1	4	24	4	-0.543
26	18	4	24	4	-0.322
26	19	4	24	4	-0.100
26	2	4	24	4	-0.249
26	9	4	24	4	-0.142
26	27	4	24	4	0.060
26	28	4	24	4	-0.560
26	21	4	24	4	0.158
26	25	4	24	4	-0.538
26	20	4	24	4	-0.482
26	13	4	24	4	-0.748
26	15	4	24	4	-0.749
26	7	4	24	4	-0.734
26	12	4	24	4	-0.677
26	4	4	24	4	0.100
26	11	4	24	4	-0.380
26	30	4	24	4	-0.487
26	22	4	24	4	-0.566
26	23	4	24	4	-0.827
26	8	4	24	4	-0.845
26	3	4	24	4	-0.804
26	29	4	24	4	-0.609
36	31	4	24	2	0.343
36	5	4	24	2	0.263
36	16	4	24	2	0.260
36	17	4	24	2	0.154
36	6	4	24	2	0.076
36	10	4	24	2	0.219
36	24	4	24	2	0.075
36	26	4	24	2	0.661
36	14	4	24	2	0.073
36	1	4	24	2	0.125
36	18	4	24	2	0.494
36	19	4	24	2	0.051
36	2	4	24	2	0.222
36	9	4	24	2	0.012
36	27	4	24	2	0.048
36	28	4	24	2	0.001
36	21	4	24	2	0.296
36	25	4	24	2	0.010
36	20	4	24	2	0.030
36	13	4	24	2	0.075
36	15	4	24	2	-0.008
36	7	4	24	2	-0.035
36	12	4	24	2	-0.021
36	4	4	24	2	0.087
36	11	4	24	2	0.015
36	30	4	24	2	-0.044
36	22	4	24	2	0.037
36	23	4	24	2	0.529
36	8	4	24	2	0.438
36	3	4	24	2	0.240
36	29	4	24	2	0.347
40	31	4	24	3	0.900
40	5	4	24	3	0.705
40	16	4	24	3	0.682
40	17	4	24	3	0.509
40	6	4	24	3	0.140
40	10	4	24	3	0.655
40	24	4	24	3	1.009
40	26	4	24	3	0.484
40	14	4	24	3	0.058
40	1	4	24	3	0.090
40	18	4	24	3	0.305
40	19	4	24	3	0.524
40	2	4	24	3	0.611
40	9	4	24	3	0.192
40	27	4	24	3	0.268
40	28	4	24	3	0.018
40	21	4	24	3	0.546
40	25	4	24	3	0.124
40	20	4	24	3	0.016
40	13	4	24	3	0.070
40	15	4	24	3	0.075
40	7	4	24	3	0.035
40	12	4	24	3	0.014
40	4	4	24	3	0.250
40	11	4	24	3	0.036
40	30	4	24	3	0.012
40	22	4	24	3	0.012
40	23	4	24	3	0.379
40	8	4	24	3	0.145
40	3	4	24	3	0.130
40	29	4	24	3	0.395
44	31	4	24	3	0.410
44	5	4	24	3	0.311
44	16	4	24	3	0.311
44	17	4	24	3	0.476
44	6	4	24	3	0.049
44	10	4	24	3	0.605
44	24	4	24	3	0.770
44	26	4	24	3	0.959
44	14	4	24	3	0.368
44	1	4	24	3	0.261
44	18	4	24	3	0.786
44	19	4	24	3	0.430
44	2	4	24	3	0.492
44	9	4	24	3	0.236
44	27	4	24	3	0.229
44	28	4	24	3	0.033
44	21	4	24	3	0.482
44	25	4	24	3	0.259
44	20	4	24	3	0.078
44	13	4	24	3	0.048
44	15	4	24	3	0.043
44	7	4	24	3	-0.014
44	12	4	24	3	-0.009
44	4	4	24	3	0.394
44	11	4	24	3	0.036
44	30	4	24	3	0.010
44	22	4	24	3	0.020
44	23	4	24	3	0.718
44	8	4	24	3	0.202
44	3	4	24	3	0.259
44	29	4	24	3	0.383
6	31	3	24	4	0.196
6	5	3	24	4	0.341
6	16	3	24	4	0.285
6	17	3	24	4	0.564
6	6	3	24	4	0.476
6	10	3	24	4	0.230
6	24	3	24	4	0.047
6	26	3	24	4	0.165
6	14	3	24	4	-0.371
6	1	3	24	4	-0.355
6	18	3	24	4	-0.308
6	19	3	24	4	0.055
6	2	3	24	4	0.264
6	9	3	24	4	0.190
6	27	3	24	4	0.433
6	28	3	24	4	-0.358
6	21	3	24	4	0.161
6	25	3	24	4	-0.235
6	20	3	24	4	-0.365
6	13	3	24	4	-0.300
6	15	3	24	4	-0.468
6	7	3	24	4	-0.430
6	12	3	24	4	-0.475
6	4	3	24	4	-0.088
6	11	3	24	4	-0.177
6	30	3	24	4	-0.468
6	22	3	24	4	-0.411
6	23	3	24	4	-0.561
6	8	3	24	4	-0.538
6	3	3	24	4	-0.526
6	29	3	24	4	-0.346
15	31	3	24	2	0.076
15	5	3	24	2	-0.062
15	16	3	24	2	-0.103
15	17	3	24	2	-0.165
15	6	3	24	2	-0.044
15	10	3	24	2	0.197
15	24	3	24	2	0.082
15	26	3	24	2	0.149
15	14	3	24	2	-0.160
15	1	3	24	2	-0.234
15	18	3	24	2	0.267
15	19	3	24	2	-0.329
15	2	3	24	2	-0.257
15	9	3	24	2	-0.376
15	27	3	24	2	-0.405
15	28	3	24	2	-0.359
15	21	3	24	2	-0.121
15	25	3	24	2	-0.365
15	20	3	24	2	-0.337
15	13	3	24	2	-0.322
15	15	3	24	2	-0.392
15	7	3	24	2	-0.336
15	12	3	24	2	-0.420
15	4	3	24	2	-0.298
15	11	3	24	2	-0.306
15	30	3	24	2	-0.391
15	22	3	24	2	-0.341
15	23	3	24	2	0.364
15	8	3	24	2	-0.037
15	3	3	24	2	-0.149
15	29	3	24	2	-0.300
23	31	3	24	2	0.497
23	5	3	24	2	0.080
23	16	3	24	2	0.242
23	17	3	24	2	0.499
23	6	3	24	2	0.048
23	10	3	24	2	0.308
23	24	3	24	2	0.389
23	26	3	24	2	0.120
23	14	3	24	2	-0.102
23	1	3	24	2	-0.141
23	18	3	24	2	-0.095
23	19	3	24	2	0.154
23	2	3	24	2	0.063
23	9	3	24	2	-0.052
23	27	3	24	2	0.206
23	28	3	24	2	-0.119
23	21	3	24	2	0.300
23	25	3	24	2	-0.121
23	20	3	24	2	-0.146
23	13	3	24	2	-0.050
23	15	3	24	2	-0.149
23	7	3	24	2	-0.125
23	12	3	24	2	-0.069
23	4	3	24	2	0.108
23	11	3	24	2	0.047
23	30	3	24	2	-0.034
23	22	3	24	2	-0.115
23	23	3	24	2	-0.131
23	8	3	24	2	-0.055
23	3	3	24	2	-0.140
23	29	3	24	2	0.058
38	31	3	24	3	0.654
38	5	3	24	3	0.423
38	16	3	24	3	0.450
38	17	3	24	3	0.673
38	6	3	24	3	0.179
38	10	3	24	3	0.493
38	24	3	24	3	0.637
38	26	3	24	3	0.363
38	14	3	24	3	0.010
38	1	3	24	3	0.001
38	18	3	24	3	0.292
38	19	3	24	3	0.716
38	2	3	24	3	0.487
38	9	3	24	3	0.232
38	27	3	24	3	0.417
38	28	3	24	3	-0.005
38	21	3	24	3	0.513
38	25	3	24	3	0.126
38	20	3	24	3	0.002
38	13	3	24	3	0.047
38	15	3	24	3	0.024
38	7	3	24	3	0.015
38	12	3	24	3	0.050
38	4	3	24	3	0.502
38	11	3	24	3	0.025
38	30	3	24	3	-0.002
38	22	3	24	3	-0.002
38	23	3	24	3	0.379
38	8	3	24	3	0.019
38	3	3	24	3	0.030
38	29	3	24	3	0.378
49	31	3	24	4	0.429
49	5	3	24	4	-0.319
49	16	3	24	4	-0.133
49	17	3	24	4	0.471
49	6	3	24	4	0.420
49	10	3	24	4	0.179
49	24	3	24	4	-0.046
49	26	3	24	4	-0.344
49	14	3	24	4	-0.424
49	1	3	24	4	-0.508
49	18	3	24	4	-0.470
49	19	3	24	4	-0.152
49	2	3	24	4	-0.105
49	9	3	24	4	0.000
49	27	3	24	4	0.277
49	28	3	24	4	-0.496
49	21	3	24	4	0.222
49	25	3	24	4	-0.406
49	20	3	24	4	-0.583
49	13	3	24	4	-0.511
49	15	3	24	4	-0.643
49	7	3	24	4	-0.576
49	12	3	24	4	-0.558
49	4	3	24	4	0.040
49	11	3	24	4	-0.246
49	30	3	24	4	-0.634
49	22	3	24	4	-0.528
49	23	3	24	4	-0.634
49	8	3	24	4	-0.680
49	3	3	24	4	-0.679
49	29	3	24	4	-0.528
12	31	2	24	2	0.436
12	5	2	24	2	0.337
12	16	2	24	2	0.522
12	17	2	24	2	0.415
12	6	2	24	2	0.627
12	10	2	24	2	0.882
12	24	2	24	2	0.921
12	26	2	24	2	0.068
12	14	2	24	2	-0.009
12	1	2	24	2	-0.287
12	18	2	24	2	-0.198
12	19	2	24	2	-0.069
12	2	2	24	2	-0.105
12	9	2	24	2	-0.263
12	27	2	24	2	-0.227
12	28	2	24	2	-0.305
12	21	2	24	2	-0.028
12	25	2	24	2	-0.264
12	20	2	24	2	-0.309
12	13	2	24	2	-0.219
12	15	2	24	2	-0.290
12	7	2	24	2	-0.329
12	12	2	24	2	-0.317
12	4	2	24	2	-0.193
12	11	2	24	2	-0.303
12	30	2	24	2	-0.344
12	22	2	24	2	-0.315
12	23	2	24	2	-0.088
12	8	2	24	2	-0.261
12	3	2	24	2	-0.241
12	29	2	24	2	-0.256
13	13	2	24	3	-0.209
13	15	2	24	3	-0.240
13	7	2	24	3	-0.183
13	12	2	24	3	-0.198
13	4	2	24	3	0.266
13	11	2	24	3	-0.223
13	30	2	24	3	-0.253
13	22	2	24	3	-0.290
14	31	2	24	4	-0.020
14	5	2	24	4	0.445
14	16	2	24	4	0.451
14	17	2	24	4	0.581
14	6	2	24	4	0.757
14	10	2	24	4	0.838
14	24	2	24	4	0.876
14	26	2	24	4	-0.096
14	14	2	24	4	0.042
14	1	2	24	4	-0.120
14	18	2	24	4	0.207
14	19	2	24	4	-0.090
14	2	2	24	4	-0.245
14	9	2	24	4	-0.266
14	27	2	24	4	-0.174
14	28	2	24	4	-0.397
14	21	2	24	4	-0.338
14	25	2	24	4	-0.269
14	20	2	24	4	-0.360
14	13	2	24	4	-0.375
14	15	2	24	4	-0.451
14	7	2	24	4	-0.432
14	12	2	24	4	-0.413
14	4	2	24	4	-0.419
14	11	2	24	4	-0.455
14	30	2	24	4	-0.465
14	22	2	24	4	-0.461
14	23	2	24	4	-0.419
14	8	2	24	4	-0.418
14	3	2	24	4	-0.431
14	29	2	24	4	-0.361
16	13	2	24	3	-0.290
16	15	2	24	3	-0.356
16	7	2	24	3	-0.328
16	12	2	24	3	-0.382
16	4	2	24	3	-0.078
16	11	2	24	3	-0.357
16	30	2	24	3	-0.389
16	22	2	24	3	-0.350
24	31	2	24	2	0.332
24	5	2	24	2	0.055
24	16	2	24	2	-0.040
24	17	2	24	2	-0.085
24	6	2	24	2	-0.135
24	10	2	24	2	0.015
24	24	2	24	2	0.206
24	26	2	24	2	-0.197
24	14	2	24	2	-0.365
24	1	2	24	2	-0.358
24	18	2	24	2	-0.337
24	19	2	24	2	-0.304
24	2	2	24	2	-0.142
24	9	2	24	2	-0.358
24	27	2	24	2	-0.362
24	28	2	24	2	-0.391
24	21	2	24	2	-0.132
24	25	2	24	2	-0.396
24	20	2	24	2	-0.393
24	13	2	24	2	-0.311
24	15	2	24	2	-0.397
24	7	2	24	2	-0.395
24	12	2	24	2	-0.374
24	4	2	24	2	-0.248
24	11	2	24	2	-0.347
24	30	2	24	2	-0.428
24	22	2	24	2	-0.412
24	23	2	24	2	-0.300
24	8	2	24	2	-0.336
24	3	2	24	2	-0.331
24	29	2	24	2	-0.339
27	31	2	24	3	0.370
27	5	2	24	3	0.262
27	16	2	24	3	0.243
27	17	2	24	3	0.426
27	6	2	24	3	0.438
27	10	2	24	3	0.916
27	24	2	24	3	0.555
27	26	2	24	3	0.739
27	14	2	24	3	0.042
27	1	2	24	3	0.333
27	18	2	24	3	0.876
27	19	2	24	3	0.412
27	2	2	24	3	0.361
27	9	2	24	3	0.145
27	27	2	24	3	0.175
27	28	2	24	3	-0.054
27	21	2	24	3	0.344
27	25	2	24	3	-0.017
27	20	2	24	3	0.051
27	13	2	24	3	-0.001
27	15	2	24	3	-0.067
27	7	2	24	3	-0.079
27	12	2	24	3	-0.082
27	4	2	24	3	0.087
27	11	2	24	3	-0.053
27	30	2	24	3	-0.058
27	22	2	24	3	-0.004
27	23	2	24	3	0.571
27	8	2	24	3	0.144
27	3	2	24	3	0.197
27	29	2	24	3	0.387
52	31	2	24	3	-0.037
52	5	2	24	3	-0.112
52	16	2	24	3	0.033
52	17	2	24	3	0.081
52	6	2	24	3	-0.216
52	10	2	24	3	0.113
52	24	2	24	3	0.301
52	26	2	24	3	-0.076
52	14	2	24	3	-0.398
52	1	2	24	3	-0.363
52	18	2	24	3	-0.193
52	19	2	24	3	0.311
52	2	2	24	3	-0.165
52	9	2	24	3	-0.040
52	27	2	24	3	-0.107
52	28	2	24	3	-0.399
52	21	2	24	3	-0.131
52	25	2	24	3	-0.357
52	20	2	24	3	-0.391
52	13	2	24	3	-0.355
52	15	2	24	3	-0.409
52	7	2	24	3	-0.408
52	12	2	24	3	-0.354
52	4	2	24	3	-0.129
52	11	2	24	3	-0.308
52	30	2	24	3	-0.380
52	22	2	24	3	-0.408
52	23	2	24	3	-0.228
52	8	2	24	3	-0.355
52	3	2	24	3	-0.394
52	29	2	24	3	-0.069
13	31	1	24	3	0.299
13	5	1	24	3	0.341
13	16	1	24	3	0.319
13	17	1	24	3	0.877
13	6	1	24	3	0.316
13	10	1	24	3	0.609
13	24	1	24	3	0.344
13	26	1	24	3	0.073
13	14	1	24	3	-0.283
13	1	1	24	3	-0.275
13	18	1	24	3	-0.017
13	19	1	24	3	0.439
13	2	1	24	3	0.642
13	9	1	24	3	0.019
13	27	1	24	3	0.215
13	28	1	24	3	-0.279
13	21	1	24	3	0.128
13	25	1	24	3	-0.056
13	20	1	24	3	-0.284
13	23	1	24	3	-0.062
13	8	1	24	3	-0.219
13	3	1	24	3	-0.214
13	29	1	24	3	0.049
16	31	1	24	3	0.391
16	5	1	24	3	0.365
16	16	1	24	3	0.162
16	17	1	24	3	0.420
16	6	1	24	3	-0.185
16	10	1	24	3	0.168
16	24	1	24	3	0.698
16	26	1	24	3	0.155
16	14	1	24	3	-0.062
16	1	1	24	3	-0.331
16	18	1	24	3	-0.009
16	19	1	24	3	0.245
16	2	1	24	3	-0.051
16	9	1	24	3	-0.150
16	27	1	24	3	-0.148
16	28	1	24	3	-0.357
16	21	1	24	3	0.004
16	25	1	24	3	-0.131
16	20	1	24	3	-0.361
16	23	1	24	3	0.045
16	8	1	24	3	-0.315
16	3	1	24	3	-0.316
16	29	1	24	3	0.075
22	31	1	24	4	0.111
22	5	1	24	4	-0.033
22	16	1	24	4	-0.069
22	17	1	24	4	0.250
22	6	1	24	4	0.264
22	10	1	24	4	0.717
22	24	1	24	4	0.621
22	26	1	24	4	0.410
22	14	1	24	4	0.730
22	1	1	24	4	1.093
22	18	1	24	4	0.933
22	19	1	24	4	0.135
22	2	1	24	4	0.259
22	9	1	24	4	0.159
22	27	1	24	4	0.137
22	28	1	24	4	-0.246
22	21	1	24	4	0.002
22	25	1	24	4	0.022
22	20	1	24	4	-0.093
22	13	1	24	4	0.146
22	15	1	24	4	-0.228
22	7	1	24	4	-0.260
22	12	1	24	4	-0.104
22	4	1	24	4	-0.239
22	11	1	24	4	-0.364
22	30	1	24	4	-0.362
22	22	1	24	4	-0.339
22	23	1	24	4	0.276
22	8	1	24	4	-0.068
22	3	1	24	4	-0.139
22	29	1	24	4	-0.015
29	31	1	24	4	0.561
29	5	1	24	4	0.381
29	16	1	24	4	0.340
29	17	1	24	4	0.448
29	6	1	24	4	0.619
29	10	1	24	4	0.890
29	24	1	24	4	0.683
29	26	1	24	4	0.806
29	14	1	24	4	1.041
29	1	1	24	4	1.444
29	18	1	24	4	1.331
29	19	1	24	4	0.519
29	2	1	24	4	0.737
29	9	1	24	4	0.364
29	27	1	24	4	0.462
29	28	1	24	4	0.105
29	21	1	24	4	0.278
29	25	1	24	4	0.338
29	20	1	24	4	0.288
29	13	1	24	4	0.554
29	15	1	24	4	0.441
29	7	1	24	4	0.195
29	12	1	24	4	0.239
29	4	1	24	4	0.129
29	11	1	24	4	-0.008
29	30	1	24	4	0.001
29	22	1	24	4	0.032
29	23	1	24	4	0.928
29	8	1	24	4	0.491
29	3	1	24	4	0.616
29	29	1	24	4	0.437
46	31	1	24	2	-0.010
46	5	1	24	2	-0.305
46	16	1	24	2	-0.238
46	17	1	24	2	-0.031
46	6	1	24	2	-0.217
46	10	1	24	2	-0.034
46	24	1	24	2	-0.055
46	26	1	24	2	-0.410
46	14	1	24	2	-0.603
46	1	1	24	2	-0.635
46	18	1	24	2	-0.526
46	19	1	24	2	-0.247
46	2	1	24	2	-0.416
46	9	1	24	2	-0.509
46	27	1	24	2	-0.395
46	28	1	24	2	-0.587
46	21	1	24	2	-0.296
46	25	1	24	2	-0.534
46	20	1	24	2	-0.641
46	13	1	24	2	-0.560
46	15	1	24	2	-0.643
46	7	1	24	2	-0.634
46	12	1	24	2	-0.620
46	4	1	24	2	-0.275
46	11	1	24	2	-0.548
46	30	1	24	2	-0.598
46	22	1	24	2	-0.633
46	23	1	24	2	-0.432
46	8	1	24	2	-0.624
46	3	1	24	2	-0.612
46	29	1	24	2	-0.607
51	31	1	24	2	0.409
51	5	1	24	2	0.138
51	16	1	24	2	0.000
51	17	1	24	2	-0.003
51	6	1	24	2	-0.164
51	10	1	24	2	0.238
51	24	1	24	2	-0.101
51	26	1	24	2	0.034
51	14	1	24	2	-0.293
51	1	1	24	2	-0.326
51	18	1	24	2	-0.240
51	19	1	24	2	-0.063
51	2	1	24	2	0.003
51	9	1	24	2	-0.284
51	27	1	24	2	-0.233
51	28	1	24	2	-0.349
51	21	1	24	2	0.003
51	25	1	24	2	-0.318
51	20	1	24	2	-0.354
51	13	1	24	2	-0.274
51	15	1	24	2	-0.286
51	7	1	24	2	-0.349
51	12	1	24	2	-0.338
51	4	1	24	2	-0.052
51	11	1	24	2	-0.354
51	30	1	24	2	-0.387
51	22	1	24	2	-0.361
51	23	1	24	2	0.111
51	8	1	24	2	-0.272
51	3	1	24	2	-0.311
51	29	1	24	2	-0.206
3	31	4	48	2	1.022
3	5	4	48	2	0.978
3	16	4	48	2	0.359
3	17	4	48	2	0.689
3	6	4	48	2	0.075
3	10	4	48	2	0.308
3	24	4	48	2	0.088
3	26	4	48	2	0.221
3	14	4	48	2	-0.337
3	1	4	48	2	-0.513
3	18	4	48	2	-0.361
3	19	4	48	2	0.538
3	2	4	48	2	0.637
3	9	4	48	2	0.360
3	27	4	48	2	0.568
3	28	4	48	2	-0.249
3	21	4	48	2	1.149
3	25	4	48	2	-0.427
3	20	4	48	2	-0.525
3	13	4	48	2	-0.032
3	15	4	48	2	0.578
3	7	4	48	2	0.071
3	12	4	48	2	-0.373
3	4	4	48	2	0.365
3	11	4	48	2	0.430
3	30	4	48	2	-0.489
3	22	4	48	2	-0.417
3	23	4	48	2	-0.331
3	8	4	48	2	-0.256
3	3	4	48	2	0.309
3	29	4	48	2	-0.009
26	31	4	48	4	0.767
26	5	4	48	4	0.639
26	16	4	48	4	0.255
26	17	4	48	4	0.380
26	6	4	48	4	0.232
26	10	4	48	4	0.041
26	24	4	48	4	-0.230
26	26	4	48	4	0.471
26	14	4	48	4	-0.366
26	1	4	48	4	-0.522
26	18	4	48	4	-0.046
26	19	4	48	4	0.615
26	2	4	48	4	0.318
26	9	4	48	4	0.502
26	27	4	48	4	0.227
26	28	4	48	4	-0.086
26	21	4	48	4	1.136
26	25	4	48	4	-0.282
26	20	4	48	4	-0.443
26	13	4	48	4	-0.442
26	15	4	48	4	-0.541
26	7	4	48	4	-0.462
26	12	4	48	4	-0.708
26	4	4	48	4	0.910
26	11	4	48	4	0.742
26	30	4	48	4	-0.226
26	22	4	48	4	-0.256
26	23	4	48	4	-0.270
26	8	4	48	4	-0.726
26	3	4	48	4	-0.411
26	29	4	48	4	0.050
36	31	4	48	2	0.140
36	5	4	48	2	-0.032
36	16	4	48	2	-0.057
36	17	4	48	2	0.944
36	6	4	48	2	0.094
36	10	4	48	2	1.150
36	24	4	48	2	0.138
36	26	4	48	2	0.831
36	14	4	48	2	-0.181
36	1	4	48	2	-0.109
36	18	4	48	2	0.721
36	19	4	48	2	0.290
36	2	4	48	2	0.671
36	9	4	48	2	-0.063
36	27	4	48	2	0.107
36	28	4	48	2	0.087
36	21	4	48	2	1.509
36	25	4	48	2	-0.101
36	20	4	48	2	-0.214
36	13	4	48	2	-0.210
36	15	4	48	2	0.106
36	7	4	48	2	-0.249
36	12	4	48	2	-0.277
36	4	4	48	2	1.379
36	11	4	48	2	0.769
36	30	4	48	2	-0.330
36	22	4	48	2	-0.013
36	23	4	48	2	0.244
36	8	4	48	2	0.539
36	3	4	48	2	0.257
36	29	4	48	2	0.414
40	31	4	48	3	0.934
40	5	4	48	3	0.571
40	16	4	48	3	0.476
40	17	4	48	3	1.171
40	6	4	48	3	0.267
40	10	4	48	3	1.244
40	24	4	48	3	1.104
40	26	4	48	3	0.585
40	14	4	48	3	0.072
40	1	4	48	3	-0.310
40	18	4	48	3	0.271
40	19	4	48	3	0.812
40	2	4	48	3	1.089
40	9	4	48	3	0.466
40	27	4	48	3	0.428
40	28	4	48	3	0.023
40	21	4	48	3	1.366
40	25	4	48	3	0.053
40	20	4	48	3	-0.291
40	13	4	48	3	-0.234
40	15	4	48	3	0.640
40	7	4	48	3	-0.142
40	12	4	48	3	-0.215
40	4	4	48	3	1.135
40	11	4	48	3	0.241
40	30	4	48	3	-0.254
40	22	4	48	3	-0.191
40	23	4	48	3	1.309
40	8	4	48	3	-0.142
40	3	4	48	3	0.632
40	29	4	48	3	0.410
44	31	4	48	3	0.005
44	5	4	48	3	-0.159
44	16	4	48	3	-0.203
44	17	4	48	3	1.057
44	6	4	48	3	0.102
44	10	4	48	3	1.287
44	24	4	48	3	1.117
44	26	4	48	3	0.869
44	14	4	48	3	-0.039
44	1	4	48	3	-0.113
44	18	4	48	3	0.962
44	19	4	48	3	0.532
44	2	4	48	3	0.451
44	9	4	48	3	0.202
44	27	4	48	3	0.123
44	28	4	48	3	0.086
44	21	4	48	3	1.543
44	25	4	48	3	-0.067
44	20	4	48	3	-0.157
44	13	4	48	3	-0.354
44	15	4	48	3	1.149
44	7	4	48	3	-0.293
44	12	4	48	3	-0.497
44	4	4	48	3	1.393
44	11	4	48	3	-0.047
44	30	4	48	3	-0.352
44	22	4	48	3	-0.168
44	23	4	48	3	1.264
44	8	4	48	3	0.172
44	3	4	48	3	0.422
44	29	4	48	3	0.208
6	31	3	48	4	0.809
6	5	3	48	4	0.799
6	16	3	48	4	0.222
6	17	3	48	4	0.250
6	6	3	48	4	0.058
6	10	3	48	4	-0.104
6	24	3	48	4	-0.364
6	26	3	48	4	0.204
6	14	3	48	4	-0.362
6	1	3	48	4	-0.688
6	18	3	48	4	-0.387
6	19	3	48	4	0.206
6	2	3	48	4	0.352
6	9	3	48	4	0.156
6	27	3	48	4	0.091
6	28	3	48	4	-0.238
6	21	3	48	4	0.974
6	25	3	48	4	-0.441
6	20	3	48	4	-0.729
6	13	3	48	4	-0.471
6	15	3	48	4	-0.427
6	7	3	48	4	-0.492
6	12	3	48	4	-0.818
6	4	3	48	4	1.052
6	11	3	48	4	0.703
6	30	3	48	4	-0.642
6	22	3	48	4	-0.499
6	23	3	48	4	-0.218
6	8	3	48	4	-0.699
6	3	3	48	4	-0.374
6	29	3	48	4	-0.060
15	31	3	48	2	0.013
15	5	3	48	2	-0.142
15	16	3	48	2	-0.195
15	17	3	48	2	0.918
15	6	3	48	2	-0.117
15	10	3	48	2	1.259
15	24	3	48	2	0.752
15	26	3	48	2	0.486
15	14	3	48	2	-0.138
15	1	3	48	2	-0.253
15	18	3	48	2	0.652
15	19	3	48	2	0.133
15	2	3	48	2	-0.030
15	9	3	48	2	-0.128
15	27	3	48	2	-0.125
15	28	3	48	2	-0.067
15	21	3	48	2	0.943
15	25	3	48	2	-0.402
15	20	3	48	2	-0.326
15	13	3	48	2	-0.235
15	15	3	48	2	-0.159
15	7	3	48	2	0.289
15	12	3	48	2	-0.440
15	4	3	48	2	0.077
15	11	3	48	2	0.749
15	30	3	48	2	-0.469
15	22	3	48	2	-0.274
15	23	3	48	2	0.986
15	8	3	48	2	-0.150
15	3	3	48	2	0.396
15	29	3	48	2	-0.194
23	31	3	48	2	1.173
23	5	3	48	2	1.008
23	16	3	48	2	0.388
23	17	3	48	2	0.956
23	6	3	48	2	-0.072
23	10	3	48	2	0.559
23	24	3	48	2	0.319
23	26	3	48	2	0.225
23	14	3	48	2	-0.061
23	1	3	48	2	-0.229
23	18	3	48	2	-0.040
23	19	3	48	2	0.479
23	2	3	48	2	1.314
23	9	3	48	2	0.376
23	27	3	48	2	1.335
23	28	3	48	2	0.013
23	21	3	48	2	1.683
23	25	3	48	2	-0.139
23	20	3	48	2	-0.219
23	13	3	48	2	0.087
23	15	3	48	2	0.503
23	7	3	48	2	0.320
23	12	3	48	2	0.039
23	4	3	48	2	0.685
23	11	3	48	2	0.905
23	30	3	48	2	-0.208
23	22	3	48	2	-0.210
23	23	3	48	2	1.549
23	8	3	48	2	0.130
23	3	3	48	2	0.048
23	29	3	48	2	0.907
38	31	3	48	3	1.486
38	5	3	48	3	1.534
38	16	3	48	3	0.908
38	17	3	48	3	1.095
38	6	3	48	3	0.391
38	10	3	48	3	0.746
38	24	3	48	3	0.530
38	26	3	48	3	0.654
38	14	3	48	3	0.174
38	1	3	48	3	-0.063
38	18	3	48	3	0.560
38	19	3	48	3	1.090
38	2	3	48	3	1.066
38	9	3	48	3	1.010
38	27	3	48	3	1.049
38	28	3	48	3	0.060
38	21	3	48	3	1.760
38	25	3	48	3	0.191
38	20	3	48	3	-0.122
38	13	3	48	3	0.347
38	15	3	48	3	0.697
38	7	3	48	3	0.113
38	12	3	48	3	0.185
38	4	3	48	3	1.610
38	11	3	48	3	0.504
38	30	3	48	3	-0.005
38	22	3	48	3	0.188
38	23	3	48	3	1.999
38	8	3	48	3	0.405
38	3	3	48	3	0.353
38	29	3	48	3	0.907
49	31	3	48	4	1.195
49	5	3	48	4	0.891
49	16	3	48	4	0.367
49	17	3	48	4	0.598
49	6	3	48	4	0.431
49	10	3	48	4	0.249
49	24	3	48	4	-0.016
49	26	3	48	4	0.165
49	14	3	48	4	-0.095
49	1	3	48	4	-0.390
49	18	3	48	4	0.018
49	19	3	48	4	0.510
49	2	3	48	4	0.519
49	9	3	48	4	0.294
49	27	3	48	4	0.459
49	28	3	48	4	-0.176
49	21	3	48	4	1.282
49	25	3	48	4	-0.057
49	20	3	48	4	-0.478
49	13	3	48	4	-0.164
49	15	3	48	4	-0.041
49	7	3	48	4	-0.311
49	12	3	48	4	-0.461
49	4	3	48	4	1.499
49	11	3	48	4	0.282
49	30	3	48	4	-0.499
49	22	3	48	4	-0.145
49	23	3	48	4	0.195
49	8	3	48	4	-0.153
49	3	3	48	4	-0.048
49	29	3	48	4	0.010
12	31	2	48	2	0.889
12	5	2	48	2	0.306
12	16	2	48	2	0.417
12	17	2	48	2	1.035
12	6	2	48	2	0.506
12	10	2	48	2	1.316
12	24	2	48	2	1.072
12	26	2	48	2	0.115
12	14	2	48	2	0.192
12	1	2	48	2	-0.338
12	18	2	48	2	0.000
12	19	2	48	2	0.447
12	2	2	48	2	0.483
12	9	2	48	2	0.238
12	27	2	48	2	0.273
12	28	2	48	2	-0.137
12	21	2	48	2	1.156
12	25	2	48	2	-0.142
12	20	2	48	2	-0.192
12	13	2	48	2	0.029
12	15	2	48	2	0.283
12	7	2	48	2	-0.277
12	12	2	48	2	-0.111
12	4	2	48	2	0.996
12	11	2	48	2	0.179
12	30	2	48	2	-0.231
12	22	2	48	2	-0.134
12	23	2	48	2	1.242
12	8	2	48	2	0.356
12	3	2	48	2	0.041
12	29	2	48	2	-0.045
13	13	2	48	3	-0.059
13	15	2	48	3	0.851
13	7	2	48	3	0.193
13	12	2	48	3	-0.193
13	4	2	48	3	1.571
13	11	2	48	3	0.698
13	30	2	48	3	-0.059
13	22	2	48	3	-0.072
14	31	2	48	4	0.622
14	5	2	48	4	0.406
14	16	2	48	4	0.328
14	17	2	48	4	1.199
14	6	2	48	4	0.623
14	10	2	48	4	1.098
14	24	2	48	4	1.007
14	26	2	48	4	0.212
14	14	2	48	4	-0.093
14	1	2	48	4	-0.224
14	18	2	48	4	0.319
14	19	2	48	4	0.493
14	2	2	48	4	0.412
14	9	2	48	4	0.560
14	27	2	48	4	-0.095
14	28	2	48	4	-0.353
14	21	2	48	4	0.940
14	25	2	48	4	-0.403
14	20	2	48	4	-0.454
14	13	2	48	4	-0.450
14	15	2	48	4	-0.379
14	7	2	48	4	-0.186
14	12	2	48	4	-0.508
14	4	2	48	4	0.397
14	11	2	48	4	0.027
14	30	2	48	4	-0.556
14	22	2	48	4	-0.492
14	23	2	48	4	0.239
14	8	2	48	4	-0.415
14	3	2	48	4	-0.393
14	29	2	48	4	0.189
16	13	2	48	3	0.016
16	15	2	48	3	0.930
16	7	2	48	3	-0.018
16	12	2	48	3	-0.292
16	4	2	48	3	0.976
16	11	2	48	3	0.049
16	30	2	48	3	-0.307
16	22	2	48	3	-0.124
24	31	2	48	2	0.889
24	5	2	48	2	0.604
24	16	2	48	2	0.337
24	17	2	48	2	0.972
24	6	2	48	2	0.276
24	10	2	48	2	1.028
24	24	2	48	2	0.419
24	26	2	48	2	0.142
24	14	2	48	2	-0.214
24	1	2	48	2	-0.312
24	18	2	48	2	-0.298
24	19	2	48	2	-0.095
24	2	2	48	2	0.681
24	9	2	48	2	-0.041
24	27	2	48	2	0.423
24	28	2	48	2	-0.066
24	21	2	48	2	1.135
24	25	2	48	2	-0.146
24	20	2	48	2	-0.277
24	13	2	48	2	0.016
24	15	2	48	2	0.123
24	7	2	48	2	-0.082
24	12	2	48	2	-0.277
24	4	2	48	2	0.696
24	11	2	48	2	0.606
24	30	2	48	2	-0.224
24	22	2	48	2	-0.262
24	23	2	48	2	0.201
24	8	2	48	2	-0.070
24	3	2	48	2	0.245
24	29	2	48	2	0.322
27	31	2	48	3	0.303
27	5	2	48	3	0.128
27	16	2	48	3	0.074
27	17	2	48	3	1.129
27	6	2	48	3	0.666
27	10	2	48	3	1.506
27	24	2	48	3	1.173
27	26	2	48	3	0.898
27	14	2	48	3	0.291
27	1	2	48	3	0.267
27	18	2	48	3	1.157
27	19	2	48	3	0.856
27	2	2	48	3	0.915
27	9	2	48	3	0.509
27	27	2	48	3	0.459
27	28	2	48	3	0.091
27	21	2	48	3	1.465
27	25	2	48	3	0.063
27	20	2	48	3	-0.068
27	13	2	48	3	0.357
27	15	2	48	3	1.318
27	7	2	48	3	0.101
27	12	2	48	3	-0.154
27	4	2	48	3	1.410
27	11	2	48	3	0.368
27	30	2	48	3	-0.241
27	22	2	48	3	0.130
27	23	2	48	3	1.406
27	8	2	48	3	0.584
27	3	2	48	3	0.501
27	29	2	48	3	0.537
52	31	2	48	3	0.868
52	5	2	48	3	0.987
52	16	2	48	3	0.644
52	17	2	48	3	0.816
52	6	2	48	3	-0.254
52	10	2	48	3	0.517
52	24	2	48	3	0.265
52	26	2	48	3	0.313
52	14	2	48	3	-0.153
52	1	2	48	3	-0.373
52	18	2	48	3	0.047
52	19	2	48	3	0.984
52	2	2	48	3	0.513
52	9	2	48	3	0.694
52	27	2	48	3	0.677
52	28	2	48	3	-0.020
52	21	2	48	3	1.059
52	25	2	48	3	-0.380
52	20	2	48	3	-0.162
52	13	2	48	3	-0.118
52	15	2	48	3	0.099
52	7	2	48	3	-0.340
52	12	2	48	3	-0.387
52	4	2	48	3	1.093
52	11	2	48	3	0.057
52	30	2	48	3	-0.281
52	22	2	48	3	-0.300
52	23	2	48	3	0.684
52	8	2	48	3	-0.019
52	3	2	48	3	-0.222
52	29	2	48	3	0.227
13	31	1	48	3	1.293
13	5	1	48	3	1.351
13	16	1	48	3	0.782
13	17	1	48	3	1.008
13	6	1	48	3	0.394
13	10	1	48	3	0.638
13	24	1	48	3	0.368
13	26	1	48	3	0.598
13	14	1	48	3	-0.100
13	1	1	48	3	-0.258
13	18	1	48	3	0.386
13	19	1	48	3	1.115
13	2	1	48	3	1.327
13	9	1	48	3	0.827
13	27	1	48	3	1.003
13	28	1	48	3	0.209
13	21	1	48	3	1.367
13	25	1	48	3	0.052
13	20	1	48	3	-0.203
13	23	1	48	3	1.484
13	8	1	48	3	0.094
13	3	1	48	3	0.587
13	29	1	48	3	0.823
16	31	1	48	3	0.864
16	5	1	48	3	0.640
16	16	1	48	3	0.333
16	17	1	48	3	1.076
16	6	1	48	3	0.575
16	10	1	48	3	1.287
16	24	1	48	3	1.088
16	26	1	48	3	0.416
16	14	1	48	3	-0.057
16	1	1	48	3	-0.370
16	18	1	48	3	0.352
16	19	1	48	3	0.828
16	2	1	48	3	0.630
16	9	1	48	3	0.274
16	27	1	48	3	0.372
16	28	1	48	3	0.035
16	21	1	48	3	1.245
16	25	1	48	3	0.037
16	20	1	48	3	-0.408
16	23	1	48	3	1.230
16	8	1	48	3	0.080
16	3	1	48	3	0.951
16	29	1	48	3	0.301
22	31	1	48	4	-0.032
22	5	1	48	4	-0.176
22	16	1	48	4	-0.211
22	17	1	48	4	1.157
22	6	1	48	4	0.729
22	10	1	48	4	1.317
22	24	1	48	4	1.176
22	26	1	48	4	0.573
22	14	1	48	4	0.592
22	1	1	48	4	0.846
22	18	1	48	4	0.924
22	19	1	48	4	0.542
22	2	1	48	4	1.151
22	9	1	48	4	0.515
22	27	1	48	4	1.308
22	28	1	48	4	-0.039
22	21	1	48	4	0.927
22	25	1	48	4	-0.009
22	20	1	48	4	-0.268
22	13	1	48	4	0.542
22	15	1	48	4	1.081
22	7	1	48	4	-0.230
22	12	1	48	4	-0.021
22	4	1	48	4	0.726
22	11	1	48	4	-0.232
22	30	1	48	4	-0.439
22	22	1	48	4	-0.327
22	23	1	48	4	1.403
22	8	1	48	4	0.549
22	3	1	48	4	0.495
22	29	1	48	4	0.526
29	31	1	48	4	0.128
29	5	1	48	4	-0.029
29	16	1	48	4	-0.062
29	17	1	48	4	0.594
29	6	1	48	4	0.933
29	10	1	48	4	1.291
29	24	1	48	4	1.624
29	26	1	48	4	0.793
29	14	1	48	4	0.709
29	1	1	48	4	1.029
29	18	1	48	4	1.026
29	19	1	48	4	0.760
29	2	1	48	4	1.622
29	9	1	48	4	1.300
29	27	1	48	4	1.301
29	28	1	48	4	-0.006
29	21	1	48	4	0.965
29	25	1	48	4	0.064
29	20	1	48	4	-0.140
29	13	1	48	4	0.493
29	15	1	48	4	1.075
29	7	1	48	4	0.074
29	12	1	48	4	0.167
29	4	1	48	4	0.201
29	11	1	48	4	-0.092
29	30	1	48	4	-0.201
29	22	1	48	4	-0.157
29	23	1	48	4	1.637
29	8	1	48	4	0.672
29	3	1	48	4	0.663
29	29	1	48	4	1.451
46	31	1	48	2	1.152
46	5	1	48	2	0.915
46	16	1	48	2	0.243
46	17	1	48	2	0.585
46	6	1	48	2	-0.067
46	10	1	48	2	0.344
46	24	1	48	2	0.086
46	26	1	48	2	0.471
46	14	1	48	2	-0.161
46	1	1	48	2	-0.523
46	18	1	48	2	-0.151
46	19	1	48	2	0.241
46	2	1	48	2	0.240
46	9	1	48	2	-0.056
46	27	1	48	2	0.398
46	28	1	48	2	-0.304
46	21	1	48	2	1.251
46	25	1	48	2	-0.021
46	20	1	48	2	-0.393
46	13	1	48	2	-0.271
46	15	1	48	2	-0.307
46	7	1	48	2	-0.243
46	12	1	48	2	-0.426
46	4	1	48	2	1.347
46	11	1	48	2	0.039
46	30	1	48	2	-0.265
46	22	1	48	2	-0.371
46	23	1	48	2	0.842
46	8	1	48	2	-0.255
46	3	1	48	2	0.286
46	29	1	48	2	-0.068
51	31	1	48	2	1.022
51	5	1	48	2	0.656
51	16	1	48	2	0.262
51	17	1	48	2	0.899
51	6	1	48	2	-0.080
51	10	1	48	2	1.322
51	24	1	48	2	0.839
51	26	1	48	2	0.157
51	14	1	48	2	-0.131
51	1	1	48	2	-0.343
51	18	1	48	2	-0.034
51	19	1	48	2	0.672
51	2	1	48	2	0.500
51	9	1	48	2	0.072
51	27	1	48	2	0.208
51	28	1	48	2	-0.011
51	21	1	48	2	1.258
51	25	1	48	2	-0.247
51	20	1	48	2	-0.312
51	13	1	48	2	-0.207
51	15	1	48	2	1.265
51	7	1	48	2	-0.333
51	12	1	48	2	-0.341
51	4	1	48	2	1.294
51	11	1	48	2	0.061
51	30	1	48	2	-0.358
51	22	1	48	2	-0.139
51	23	1	48	2	1.354
51	8	1	48	2	0.151
51	3	1	48	2	-0.239
51	29	1	48	2	0.221
3	31	4	72	2	1.085
3	5	4	72	2	1.216
3	16	4	72	2	0.167
3	17	4	72	2	0.652
3	6	4	72	2	0.489
3	10	4	72	2	0.279
3	24	4	72	2	0.055
3	26	4	72	2	0.731
3	14	4	72	2	0.288
3	1	4	72	2	-0.548
3	18	4	72	2	-0.163
3	19	4	72	2	0.801
3	2	4	72	2	1.116
3	9	4	72	2	0.641
3	27	4	72	2	0.768
3	28	4	72	2	0.041
3	21	4	72	2	1.449
3	25	4	72	2	-0.380
3	20	4	72	2	-0.493
3	13	4	72	2	0.331
3	15	4	72	2	1.015
3	7	4	72	2	0.558
3	12	4	72	2	-0.034
3	4	4	72	2	0.883
3	11	4	72	2	0.933
3	30	4	72	2	-0.258
3	22	4	72	2	-0.329
3	23	4	72	2	0.118
3	8	4	72	2	-0.356
3	3	4	72	2	0.395
3	29	4	72	2	0.251
26	31	4	72	4	0.777
26	5	4	72	4	0.572
26	16	4	72	4	0.347
26	17	4	72	4	0.289
26	6	4	72	4	0.107
26	10	4	72	4	-0.059
26	24	4	72	4	-0.303
26	26	4	72	4	0.683
26	14	4	72	4	-0.044
26	1	4	72	4	-0.593
26	18	4	72	4	0.354
26	19	4	72	4	0.778
26	2	4	72	4	0.329
26	9	4	72	4	0.861
26	27	4	72	4	0.812
26	28	4	72	4	0.528
26	21	4	72	4	1.118
26	25	4	72	4	-0.328
26	20	4	72	4	-0.343
26	13	4	72	4	-0.237
26	15	4	72	4	0.865
26	7	4	72	4	-0.406
26	12	4	72	4	-0.365
26	4	4	72	4	1.001
26	11	4	72	4	0.568
26	30	4	72	4	0.149
26	22	4	72	4	0.210
26	23	4	72	4	0.941
26	8	4	72	4	-0.227
26	3	4	72	4	0.092
26	29	4	72	4	0.351
36	31	4	72	2	-0.098
36	5	4	72	2	-0.015
36	16	4	72	2	-0.035
36	17	4	72	2	-0.334
36	6	4	72	2	-0.602
36	10	4	72	2	-0.580
36	24	4	72	2	-0.495
36	26	4	72	2	-0.085
36	14	4	72	2	0.319
36	1	4	72	2	-0.334
36	18	4	72	2	0.826
36	19	4	72	2	-0.360
36	2	4	72	2	-0.617
36	9	4	72	2	-0.634
36	27	4	72	2	-0.646
36	28	4	72	2	-0.574
36	21	4	72	2	-0.497
36	25	4	72	2	-0.328
36	20	4	72	2	-0.177
36	13	4	72	2	-0.414
36	15	4	72	2	-0.696
36	7	4	72	2	-0.619
36	12	4	72	2	-0.628
36	4	4	72	2	-0.590
36	11	4	72	2	-0.576
36	30	4	72	2	-0.602
36	22	4	72	2	-0.628
36	23	4	72	2	-0.244
36	8	4	72	2	-0.714
36	3	4	72	2	-0.705
36	29	4	72	2	-0.675
40	31	4	72	3	0.359
40	5	4	72	3	-0.046
40	16	4	72	3	-0.107
40	17	4	72	3	0.934
40	6	4	72	3	0.431
40	10	4	72	3	0.771
40	24	4	72	3	0.576
40	26	4	72	3	0.577
40	14	4	72	3	0.311
40	1	4	72	3	-0.767
40	18	4	72	3	0.204
40	19	4	72	3	0.754
40	2	4	72	3	1.153
40	9	4	72	3	0.491
40	27	4	72	3	0.338
40	28	4	72	3	-0.049
40	21	4	72	3	1.085
40	25	4	72	3	-0.344
40	20	4	72	3	-0.644
40	13	4	72	3	-0.390
40	15	4	72	3	0.858
40	7	4	72	3	-0.351
40	12	4	72	3	-0.411
40	4	4	72	3	1.089
40	11	4	72	3	0.412
40	30	4	72	3	-0.499
40	22	4	72	3	-0.547
40	23	4	72	3	1.135
40	8	4	72	3	-0.581
40	3	4	72	3	0.508
40	29	4	72	3	0.213
44	31	4	72	3	-0.557
44	5	4	72	3	-0.695
44	16	4	72	3	-0.732
44	17	4	72	3	0.956
44	6	4	72	3	0.179
44	10	4	72	3	0.944
44	24	4	72	3	0.916
44	26	4	72	3	0.746
44	14	4	72	3	-0.366
44	1	4	72	3	-0.466
44	18	4	72	3	0.582
44	19	4	72	3	0.529
44	2	4	72	3	0.774
44	9	4	72	3	0.142
44	27	4	72	3	0.295
44	28	4	72	3	0.165
44	21	4	72	3	1.184
44	25	4	72	3	-0.351
44	20	4	72	3	-0.291
44	13	4	72	3	-0.397
44	15	4	72	3	0.794
44	7	4	72	3	-0.648
44	12	4	72	3	-0.788
44	4	4	72	3	1.021
44	11	4	72	3	0.446
44	30	4	72	3	-0.768
44	22	4	72	3	-0.209
44	23	4	72	3	0.675
44	8	4	72	3	0.280
44	3	4	72	3	0.562
44	29	4	72	3	0.129
6	31	3	72	4	0.601
6	5	3	72	4	0.608
6	16	3	72	4	0.347
6	17	3	72	4	0.108
6	6	3	72	4	-0.124
6	10	3	72	4	-0.221
6	24	3	72	4	-0.484
6	26	3	72	4	0.455
6	14	3	72	4	0.339
6	1	3	72	4	-0.833
6	18	3	72	4	-0.096
6	19	3	72	4	0.175
6	2	3	72	4	0.704
6	9	3	72	4	0.341
6	27	3	72	4	0.160
6	28	3	72	4	0.369
6	21	3	72	4	0.865
6	25	3	72	4	-0.295
6	20	3	72	4	-0.773
6	13	3	72	4	-0.339
6	15	3	72	4	-0.078
6	7	3	72	4	-0.300
6	12	3	72	4	-0.957
6	4	3	72	4	1.163
6	11	3	72	4	0.628
6	30	3	72	4	-0.640
6	22	3	72	4	-0.235
6	23	3	72	4	0.812
6	8	3	72	4	-0.859
6	3	3	72	4	-0.340
6	29	3	72	4	-0.308
15	31	3	72	2	-0.083
15	5	3	72	2	-0.247
15	16	3	72	2	-0.300
15	17	3	72	2	1.050
15	6	3	72	2	-0.015
15	10	3	72	2	1.258
15	24	3	72	2	0.874
15	26	3	72	2	0.804
15	14	3	72	2	0.186
15	1	3	72	2	-0.241
15	18	3	72	2	0.901
15	19	3	72	2	0.602
15	2	3	72	2	0.019
15	9	3	72	2	-0.060
15	27	3	72	2	-0.304
15	28	3	72	2	0.118
15	21	3	72	2	1.037
15	25	3	72	2	-0.466
15	20	3	72	2	-0.367
15	13	3	72	2	-0.100
15	15	3	72	2	0.565
15	7	3	72	2	0.437
15	12	3	72	2	-0.330
15	4	3	72	2	0.972
15	11	3	72	2	0.712
15	30	3	72	2	-0.558
15	22	3	72	2	-0.002
15	23	3	72	2	1.225
15	8	3	72	2	-0.204
15	3	3	72	2	0.753
15	29	3	72	2	-0.056
23	31	3	72	2	-0.052
23	5	3	72	2	0.028
23	16	3	72	2	0.109
23	17	3	72	2	0.942
23	6	3	72	2	0.680
23	10	3	72	2	1.464
23	24	3	72	2	1.171
23	26	3	72	2	0.190
23	14	3	72	2	-0.143
23	1	3	72	2	-0.128
23	18	3	72	2	-0.104
23	19	3	72	2	-0.054
23	2	3	72	2	0.015
23	9	3	72	2	0.178
23	27	3	72	2	0.206
23	28	3	72	2	0.475
23	21	3	72	2	-0.198
23	25	3	72	2	-0.158
23	20	3	72	2	-0.136
23	13	3	72	2	-0.116
23	15	3	72	2	-0.121
23	7	3	72	2	-0.115
23	12	3	72	2	-0.090
23	4	3	72	2	0.120
23	11	3	72	2	-0.296
23	30	3	72	2	-0.153
23	22	3	72	2	-0.123
23	23	3	72	2	-0.061
23	8	3	72	2	-0.088
23	3	3	72	2	-0.119
23	29	3	72	2	-0.121
38	31	3	72	3	1.399
38	5	3	72	3	1.420
38	16	3	72	3	0.976
38	17	3	72	3	0.721
38	6	3	72	3	0.553
38	10	3	72	3	0.375
38	24	3	72	3	0.155
38	26	3	72	3	0.766
38	14	3	72	3	0.247
38	1	3	72	3	-0.339
38	18	3	72	3	0.649
38	19	3	72	3	1.213
38	2	3	72	3	1.447
38	9	3	72	3	1.166
38	27	3	72	3	1.033
38	28	3	72	3	0.223
38	21	3	72	3	1.622
38	25	3	72	3	-0.120
38	20	3	72	3	-0.387
38	13	3	72	3	0.555
38	15	3	72	3	1.261
38	7	3	72	3	0.067
38	12	3	72	3	0.275
38	4	3	72	3	1.561
38	11	3	72	3	0.881
38	30	3	72	3	-0.245
38	22	3	72	3	0.026
38	23	3	72	3	1.844
38	8	3	72	3	0.088
38	3	3	72	3	0.362
38	29	3	72	3	0.489
49	31	3	72	4	1.161
49	5	3	72	4	0.302
49	16	3	72	4	0.527
49	17	3	72	4	0.604
49	6	3	72	4	0.443
49	10	3	72	4	0.267
49	24	3	72	4	0.000
49	26	3	72	4	0.313
49	14	3	72	4	0.448
49	1	3	72	4	-0.422
49	18	3	72	4	0.359
49	19	3	72	4	0.818
49	2	3	72	4	0.997
49	9	3	72	4	0.783
49	27	3	72	4	0.719
49	28	3	72	4	-0.043
49	21	3	72	4	0.224
49	25	3	72	4	-0.013
49	20	3	72	4	-0.510
49	13	3	72	4	0.132
49	15	3	72	4	0.508
49	7	3	72	4	0.016
49	12	3	72	4	-0.039
49	4	3	72	4	0.266
49	11	3	72	4	-0.148
49	30	3	72	4	-0.521
49	22	3	72	4	0.597
49	23	3	72	4	1.148
49	8	3	72	4	-0.211
49	3	3	72	4	0.130
49	29	3	72	4	0.518
12	31	2	72	2	0.761
12	5	2	72	2	0.132
12	16	2	72	2	0.297
12	17	2	72	2	0.971
12	6	2	72	2	0.573
12	10	2	72	2	1.145
12	24	2	72	2	0.958
12	26	2	72	2	0.260
12	14	2	72	2	0.212
12	1	2	72	2	-0.399
12	18	2	72	2	0.253
12	19	2	72	2	0.814
12	2	2	72	2	1.306
12	9	2	72	2	0.696
12	27	2	72	2	1.057
12	28	2	72	2	0.137
12	21	2	72	2	1.244
12	25	2	72	2	-0.292
12	20	2	72	2	-0.110
12	13	2	72	2	0.525
12	15	2	72	2	1.481
12	7	2	72	2	-0.386
12	12	2	72	2	-0.018
12	4	2	72	2	1.340
12	11	2	72	2	0.534
12	30	2	72	2	-0.294
12	22	2	72	2	-0.080
12	23	2	72	2	1.459
12	8	2	72	2	0.362
12	3	2	72	2	0.508
12	29	2	72	2	0.159
13	13	2	72	3	-0.537
13	15	2	72	3	1.141
13	7	2	72	3	0.042
13	12	2	72	3	-0.694
13	4	2	72	3	1.196
13	11	2	72	3	0.711
13	30	2	72	3	-0.216
13	22	2	72	3	-0.435
14	31	2	72	4	0.747
14	5	2	72	4	0.462
14	16	2	72	4	0.359
14	17	2	72	4	1.000
14	6	2	72	4	0.606
14	10	2	72	4	1.236
14	24	2	72	4	1.048
14	26	2	72	4	0.495
14	14	2	72	4	-0.020
14	1	2	72	4	-0.161
14	18	2	72	4	0.411
14	19	2	72	4	0.629
14	2	2	72	4	0.922
14	9	2	72	4	1.000
14	27	2	72	4	0.399
14	28	2	72	4	0.038
14	21	2	72	4	1.559
14	25	2	72	4	-0.337
14	20	2	72	4	-0.395
14	13	2	72	4	-0.038
14	15	2	72	4	0.061
14	7	2	72	4	0.164
14	12	2	72	4	-0.451
14	4	2	72	4	1.142
14	11	2	72	4	0.544
14	30	2	72	4	-0.545
14	22	2	72	4	-0.335
14	23	2	72	4	1.362
14	8	2	72	4	-0.180
14	3	2	72	4	0.413
14	29	2	72	4	0.734
16	13	2	72	3	0.333
16	15	2	72	3	1.364
16	7	2	72	3	0.107
16	12	2	72	3	-0.182
16	4	2	72	3	1.421
16	11	2	72	3	0.727
16	30	2	72	3	-0.274
16	22	2	72	3	-0.075
24	31	2	72	2	0.146
24	5	2	72	2	0.202
24	16	2	72	2	0.263
24	17	2	72	2	-0.064
24	6	2	72	2	0.055
24	10	2	72	2	0.241
24	24	2	72	2	0.703
24	26	2	72	2	-0.171
24	14	2	72	2	-0.077
24	1	2	72	2	-0.056
24	18	2	72	2	0.216
24	19	2	72	2	-0.197
24	2	2	72	2	-0.182
24	9	2	72	2	-0.184
24	27	2	72	2	-0.164
24	28	2	72	2	-0.170
24	21	2	72	2	-0.181
24	25	2	72	2	-0.179
24	20	2	72	2	-0.150
24	13	2	72	2	-0.176
24	15	2	72	2	-0.168
24	7	2	72	2	-0.158
24	12	2	72	2	-0.184
24	4	2	72	2	-0.148
24	11	2	72	2	-0.161
24	30	2	72	2	-0.087
24	22	2	72	2	-0.154
24	23	2	72	2	-0.206
24	8	2	72	2	-0.172
24	3	2	72	2	-0.158
24	29	2	72	2	-0.144
27	31	2	72	3	0.153
27	5	2	72	3	0.008
27	16	2	72	3	-0.034
27	17	2	72	3	1.498
27	6	2	72	3	1.066
27	10	2	72	3	1.547
27	24	2	72	3	1.494
27	26	2	72	3	1.196
27	14	2	72	3	0.926
27	1	2	72	3	0.327
27	18	2	72	3	1.214
27	19	2	72	3	1.212
27	2	2	72	3	1.801
27	9	2	72	3	0.797
27	27	2	72	3	0.796
27	28	2	72	3	0.552
27	21	2	72	3	1.710
27	25	2	72	3	0.079
27	20	2	72	3	-0.101
27	13	2	72	3	0.708
27	15	2	72	3	1.525
27	7	2	72	3	0.300
27	12	2	72	3	0.233
27	4	2	72	3	1.781
27	11	2	72	3	0.872
27	30	2	72	3	-0.298
27	22	2	72	3	0.343
27	23	2	72	3	1.660
27	8	2	72	3	0.456
27	3	2	72	3	0.769
27	29	2	72	3	0.763
52	31	2	72	3	0.051
52	5	2	72	3	1.041
52	16	2	72	3	0.810
52	17	2	72	3	0.613
52	6	2	72	3	-0.234
52	10	2	72	3	0.253
52	24	2	72	3	0.003
52	26	2	72	3	0.619
52	14	2	72	3	0.023
52	1	2	72	3	-0.515
52	18	2	72	3	-0.457
52	19	2	72	3	1.277
52	2	2	72	3	0.544
52	9	2	72	3	1.047
52	27	2	72	3	0.087
52	28	2	72	3	0.347
52	21	2	72	3	1.247
52	25	2	72	3	-0.528
52	20	2	72	3	-0.108
52	13	2	72	3	0.237
52	15	2	72	3	1.205
52	7	2	72	3	-0.256
52	12	2	72	3	-0.511
52	4	2	72	3	1.412
52	11	2	72	3	0.613
52	30	2	72	3	-0.484
52	22	2	72	3	-0.325
52	23	2	72	3	1.181
52	8	2	72	3	-0.205
52	3	2	72	3	-0.396
52	29	2	72	3	-0.366
13	31	1	72	3	0.991
13	5	1	72	3	0.985
13	16	1	72	3	0.551
13	17	1	72	3	0.392
13	6	1	72	3	0.015
13	10	1	72	3	0.010
13	24	1	72	3	-0.269
13	26	1	72	3	0.516
13	14	1	72	3	-0.257
13	1	1	72	3	-0.760
13	18	1	72	3	0.335
13	19	1	72	3	1.018
13	2	1	72	3	1.157
13	9	1	72	3	0.898
13	27	1	72	3	0.908
13	28	1	72	3	0.159
13	21	1	72	3	1.118
13	25	1	72	3	-0.456
13	20	1	72	3	-0.431
13	23	1	72	3	1.232
13	8	1	72	3	-0.491
13	3	1	72	3	0.428
13	29	1	72	3	0.382
16	31	1	72	3	0.740
16	5	1	72	3	0.386
16	16	1	72	3	0.254
16	17	1	72	3	1.230
16	6	1	72	3	0.818
16	10	1	72	3	1.178
16	24	1	72	3	0.976
16	26	1	72	3	0.657
16	14	1	72	3	0.116
16	1	1	72	3	-0.453
16	18	1	72	3	0.703
16	19	1	72	3	1.196
16	2	1	72	3	1.345
16	9	1	72	3	0.561
16	27	1	72	3	0.666
16	28	1	72	3	0.246
16	21	1	72	3	1.305
16	25	1	72	3	-0.063
16	20	1	72	3	-0.479
16	23	1	72	3	1.411
16	8	1	72	3	-0.131
16	3	1	72	3	1.118
16	29	1	72	3	0.313
22	31	1	72	4	-2.434
22	5	1	72	4	-2.591
22	16	1	72	4	-2.628
22	17	1	72	4	-1.040
22	6	1	72	4	-1.042
22	10	1	72	4	-1.127
22	24	1	72	4	-0.956
22	26	1	72	4	-1.587
22	14	1	72	4	-1.729
22	1	1	72	4	-1.622
22	18	1	72	4	-1.478
22	19	1	72	4	-1.393
22	2	1	72	4	-0.778
22	9	1	72	4	-1.287
22	27	1	72	4	-0.989
22	28	1	72	4	-2.092
22	21	1	72	4	-1.163
22	25	1	72	4	-2.497
22	20	1	72	4	-2.506
22	13	1	72	4	-1.456
22	15	1	72	4	-0.972
22	7	1	72	4	-2.313
22	12	1	72	4	-2.256
22	4	1	72	4	-1.053
22	11	1	72	4	-2.069
22	30	1	72	4	-2.668
22	22	1	72	4	-2.527
22	23	1	72	4	-0.721
22	8	1	72	4	-1.983
22	3	1	72	4	-1.210
22	29	1	72	4	-1.258
29	31	1	72	4	0.262
29	5	1	72	4	0.096
29	16	1	72	4	0.061
29	17	1	72	4	1.070
29	6	1	72	4	1.472
29	10	1	72	4	1.483
29	24	1	72	4	1.774
29	26	1	72	4	1.033
29	14	1	72	4	0.885
29	1	1	72	4	1.060
29	18	1	72	4	1.164
29	19	1	72	4	1.238
29	2	1	72	4	1.913
29	9	1	72	4	1.973
29	27	1	72	4	1.757
29	28	1	72	4	0.407
29	21	1	72	4	1.542
29	25	1	72	4	0.028
29	20	1	72	4	-0.038
29	13	1	72	4	1.125
29	15	1	72	4	1.422
29	7	1	72	4	0.702
29	12	1	72	4	0.626
29	4	1	72	4	1.107
29	11	1	72	4	0.700
29	30	1	72	4	0.278
29	22	1	72	4	0.016
29	23	1	72	4	1.831
29	8	1	72	4	0.869
29	3	1	72	4	0.994
29	29	1	72	4	1.802
46	31	1	72	2	1.151
46	5	1	72	2	1.006
46	16	1	72	2	0.637
46	17	1	72	2	0.676
46	6	1	72	2	0.218
46	10	1	72	2	0.323
46	24	1	72	2	0.069
46	26	1	72	2	0.953
46	14	1	72	2	0.033
46	1	1	72	2	-0.494
46	18	1	72	2	0.266
46	19	1	72	2	0.418
46	2	1	72	2	0.796
46	9	1	72	2	0.241
46	27	1	72	2	0.850
46	28	1	72	2	0.068
46	21	1	72	2	1.346
46	25	1	72	2	0.224
46	20	1	72	2	-0.120
46	13	1	72	2	0.031
46	15	1	72	2	0.650
46	7	1	72	2	-0.106
46	12	1	72	2	-0.304
46	4	1	72	2	1.434
46	11	1	72	2	0.768
46	30	1	72	2	-0.216
46	22	1	72	2	-0.343
46	23	1	72	2	1.362
46	8	1	72	2	-0.320
46	3	1	72	2	0.571
46	29	1	72	2	0.504
51	31	1	72	2	0.927
51	5	1	72	2	0.537
51	16	1	72	2	0.362
51	17	1	72	2	1.172
51	6	1	72	2	0.237
51	10	1	72	2	1.210
51	24	1	72	2	0.995
51	26	1	72	2	0.195
51	14	1	72	2	-0.058
51	1	1	72	2	-0.416
51	18	1	72	2	0.092
51	19	1	72	2	0.932
51	2	1	72	2	1.260
51	9	1	72	2	0.150
51	27	1	72	2	0.977
51	28	1	72	2	0.232
51	21	1	72	2	1.287
51	25	1	72	2	-0.142
51	20	1	72	2	-0.444
51	13	1	72	2	-0.247
51	15	1	72	2	1.437
51	7	1	72	2	-0.376
51	12	1	72	2	-0.452
51	4	1	72	2	1.261
51	11	1	72	2	0.900
51	30	1	72	2	-0.406
51	22	1	72	2	-0.150
51	23	1	72	2	1.396
51	8	1	72	2	0.224
51	3	1	72	2	0.072
51	29	1	72	2	0.293
40	1	4	96	3	-1.285
44	16	4	96	3	-1.170
44	5	4	96	3	-1.131
40	25	4	96	3	-1.072
36	16	4	96	2	-1.045
36	5	4	96	2	-1.027
36	7	4	96	2	-1.015
36	30	4	96	2	-1.014
36	25	4	96	2	-0.988
44	31	4	96	3	-0.982
6	12	3	96	4	-0.970
40	20	4	96	3	-0.966
44	1	4	96	3	-0.939
36	31	4	96	2	-0.891
44	30	4	96	3	-0.887
36	12	4	96	2	-0.850
44	25	4	96	3	-0.846
36	20	4	96	2	-0.838
44	7	4	96	3	-0.837
40	8	4	96	3	-0.832
44	12	4	96	3	-0.812
40	22	4	96	3	-0.799
6	8	3	96	4	-0.778
6	1	3	96	4	-0.771
36	9	4	96	2	-0.768
3	1	4	96	2	-0.737
36	11	4	96	2	-0.705
38	1	3	96	3	-0.700
44	14	4	96	3	-0.646
3	20	4	96	2	-0.603
36	13	4	96	2	-0.602
40	18	4	96	3	-0.601
52	25	2	96	3	-0.588
3	25	4	96	2	-0.582
40	5	4	96	3	-0.573
52	1	2	96	3	-0.570
26	1	4	96	4	-0.570
40	16	4	96	3	-0.568
14	30	2	96	4	-0.553
36	8	4	96	2	-0.536
40	7	4	96	3	-0.530
15	30	3	96	2	-0.511
6	24	3	96	4	-0.505
49	30	3	96	4	-0.503
44	20	4	96	3	-0.502
36	1	4	96	2	-0.496
40	30	4	96	3	-0.495
52	18	2	96	3	-0.493
15	25	3	96	2	-0.485
3	8	4	96	2	-0.480
52	30	2	96	3	-0.478
29	20	1	96	4	-0.476
46	1	1	96	2	-0.459
27	30	2	96	3	-0.457
49	20	3	96	4	-0.456
51	7	1	96	2	-0.455
51	20	1	96	2	-0.453
38	20	3	96	3	-0.442
52	29	2	96	3	-0.441
38	25	3	96	3	-0.431
52	12	2	96	3	-0.423
6	20	3	96	4	-0.422
29	25	1	96	4	-0.421
15	16	3	96	2	-0.418
3	22	4	96	2	-0.400
51	12	1	96	2	-0.397
40	12	4	96	3	-0.397
49	1	3	96	4	-0.392
26	25	4	96	4	-0.390
16	20	1	96	3	-0.389
16	1	1	96	3	-0.388
29	16	1	96	4	-0.385
15	20	3	96	2	-0.381
52	3	2	96	3	-0.378
15	5	3	96	2	-0.377
6	30	3	96	4	-0.375
15	27	3	96	2	-0.374
14	20	2	96	4	-0.363
29	22	1	96	4	-0.356
29	5	1	96	4	-0.352
26	24	4	96	4	-0.343
44	8	4	96	3	-0.343
36	15	4	96	2	-0.325
24	12	2	96	2	-0.322
14	12	2	96	4	-0.320
44	22	4	96	3	-0.319
6	3	3	96	4	-0.317
24	1	2	96	2	-0.313
51	1	1	96	2	-0.311
46	8	1	96	2	-0.308
15	6	3	96	2	-0.307
51	30	1	96	2	-0.306
3	30	4	96	2	-0.304
24	18	2	96	2	-0.301
22	16	1	96	4	-0.296
3	18	4	96	2	-0.293
36	19	4	96	2	-0.266
52	22	2	96	3	-0.263
24	19	2	96	2	-0.263
22	5	1	96	4	-0.259
51	25	1	96	2	-0.256
6	25	3	96	4	-0.252
40	13	4	96	3	-0.249
14	22	2	96	4	-0.248
6	10	3	96	4	-0.244
23	22	3	96	2	-0.242
15	31	3	96	2	-0.240
46	22	1	96	2	-0.240
3	24	4	96	2	-0.237
27	20	2	96	3	-0.236
26	7	4	96	4	-0.223
23	30	3	96	2	-0.219
15	12	3	96	2	-0.217
13	1	1	96	3	-0.214
27	25	2	96	3	-0.209
38	30	3	96	3	-0.206
51	22	1	96	2	-0.194
6	29	3	96	4	-0.193
36	29	4	96	2	-0.193
12	7	2	96	2	-0.192
27	16	2	96	3	-0.190
29	31	1	96	4	-0.186
24	11	2	96	2	-0.184
44	29	4	96	3	-0.182
40	28	4	96	3	-0.179
15	1	3	96	2	-0.178
23	1	3	96	2	-0.173
14	1	2	96	4	-0.170
44	13	4	96	3	-0.165
23	14	3	96	2	-0.164
22	25	1	96	4	-0.156
36	22	4	96	2	-0.154
24	30	2	96	2	-0.152
27	5	2	96	3	-0.149
40	31	4	96	3	-0.149
14	8	2	96	4	-0.142
49	11	3	96	4	-0.141
38	24	3	96	3	-0.137
46	30	1	96	2	-0.134
24	25	2	96	2	-0.133
12	25	2	96	2	-0.133
44	28	4	96	3	-0.130
24	20	2	96	2	-0.124
36	14	4	96	2	-0.114
14	25	2	96	4	-0.114
6	7	3	96	4	-0.109
38	8	3	96	3	-0.108
51	13	1	96	2	-0.108
22	31	1	96	4	-0.106
26	10	4	96	4	-0.102
12	1	2	96	2	-0.098
16	25	1	96	3	-0.098
26	8	4	96	4	-0.094
23	25	3	96	2	-0.092
12	30	2	96	2	-0.091
38	7	3	96	3	-0.089
23	20	3	96	2	-0.083
26	12	4	96	4	-0.082
22	20	1	96	4	-0.082
15	8	3	96	2	-0.075
24	14	2	96	2	-0.074
40	29	4	96	3	-0.067
44	9	4	96	3	-0.066
49	8	3	96	4	-0.061
6	6	3	96	4	-0.061
36	3	4	96	2	-0.041
15	9	3	96	2	-0.039
49	25	3	96	4	-0.034
24	22	2	96	2	-0.033
26	20	4	96	4	-0.028
51	14	1	96	2	-0.026
3	10	4	96	2	-0.022
46	24	1	96	2	-0.015
46	7	1	96	2	-0.010
24	8	2	96	2	-0.008
49	24	3	96	4	-0.008
52	24	2	96	3	-0.008
52	31	2	96	3	0.000
27	31	2	96	3	0.000
52	7	2	96	3	0.003
36	2	4	96	2	0.022
46	12	1	96	2	0.024
38	22	3	96	3	0.025
38	3	3	96	3	0.028
52	8	2	96	3	0.035
36	23	4	96	2	0.038
3	16	4	96	2	0.038
40	11	4	96	3	0.038
29	30	1	96	4	0.043
23	8	3	96	2	0.051
6	13	3	96	4	0.057
38	18	3	96	3	0.058
15	13	3	96	2	0.063
13	12	2	96	3	0.066
26	6	4	96	4	0.067
24	15	2	96	2	0.068
3	12	4	96	2	0.078
16	18	1	96	3	0.079
3	29	4	96	2	0.081
49	21	3	96	4	0.082
3	3	4	96	2	0.085
6	17	3	96	4	0.087
38	10	3	96	3	0.090
6	15	3	96	4	0.091
44	18	4	96	3	0.092
46	25	1	96	2	0.092
52	6	2	96	3	0.093
49	3	3	96	4	0.096
40	24	4	96	3	0.098
22	30	1	96	4	0.104
40	27	4	96	3	0.105
36	18	4	96	2	0.112
52	27	2	96	3	0.117
15	29	3	96	2	0.119
46	20	1	96	2	0.119
51	8	1	96	2	0.121
13	25	1	96	3	0.122
12	5	2	96	2	0.123
23	24	3	96	2	0.128
49	28	3	96	4	0.128
36	24	4	96	2	0.131
16	30	2	96	3	0.141
40	3	4	96	3	0.147
26	13	4	96	4	0.150
52	20	2	96	3	0.153
36	27	4	96	2	0.163
40	9	4	96	3	0.170
22	22	1	96	4	0.173
40	6	4	96	3	0.177
15	22	3	96	2	0.184
44	27	4	96	3	0.195
27	1	2	96	3	0.205
3	6	4	96	2	0.209
14	14	2	96	4	0.210
44	11	4	96	3	0.211
51	9	1	96	2	0.212
51	29	1	96	2	0.218
38	12	3	96	3	0.218
12	22	2	96	2	0.219
13	13	2	96	3	0.219
16	22	2	96	3	0.221
6	22	3	96	4	0.222
49	12	3	96	4	0.223
52	10	2	96	3	0.231
23	6	3	96	2	0.234
24	3	2	96	2	0.239
40	10	4	96	3	0.246
51	16	1	96	2	0.252
26	29	4	96	4	0.253
38	29	3	96	3	0.253
49	10	3	96	4	0.256
26	17	4	96	4	0.256
46	10	1	96	2	0.261
49	26	3	96	4	0.264
49	4	3	96	4	0.283
24	28	2	96	2	0.290
14	16	2	96	4	0.291
13	8	1	96	3	0.295
16	8	1	96	3	0.298
51	18	1	96	2	0.299
38	14	3	96	3	0.303
29	28	1	96	4	0.306
3	28	4	96	2	0.309
38	6	3	96	3	0.309
36	28	4	96	2	0.310
52	14	2	96	3	0.311
24	9	2	96	2	0.313
24	7	2	96	2	0.315
40	26	4	96	3	0.315
15	28	3	96	2	0.316
38	28	3	96	3	0.319
12	16	2	96	2	0.323
44	10	4	96	3	0.329
12	20	2	96	2	0.332
27	7	2	96	3	0.335
3	17	4	96	2	0.337
13	24	1	96	3	0.339
51	26	1	96	2	0.341
13	22	2	96	3	0.341
22	11	1	96	4	0.344
51	5	1	96	2	0.345
16	14	1	96	3	0.348
16	16	1	96	3	0.354
24	16	2	96	2	0.356
14	5	2	96	4	0.361
23	10	3	96	2	0.364
46	6	1	96	2	0.364
49	16	3	96	4	0.364
44	6	4	96	3	0.367
40	15	4	96	3	0.379
49	5	3	96	4	0.382
44	3	4	96	3	0.386
15	11	3	96	2	0.389
46	14	1	96	2	0.391
44	26	4	96	3	0.391
36	17	4	96	2	0.397
14	13	2	96	4	0.398
36	6	4	96	2	0.398
23	28	3	96	2	0.401
23	26	3	96	2	0.401
13	20	1	96	3	0.402
40	14	4	96	3	0.402
16	12	2	96	3	0.402
49	18	3	96	4	0.409
40	19	4	96	3	0.410
29	14	1	96	4	0.416
38	17	3	96	3	0.423
46	13	1	96	2	0.427
40	17	4	96	3	0.427
14	18	2	96	4	0.429
27	22	2	96	3	0.431
22	8	1	96	4	0.434
51	28	1	96	2	0.436
46	28	1	96	2	0.438
12	12	2	96	2	0.447
24	5	2	96	2	0.464
36	10	4	96	2	0.465
44	17	4	96	3	0.466
29	11	1	96	4	0.467
16	5	1	96	3	0.470
12	8	2	96	2	0.470
23	18	3	96	2	0.471
24	17	2	96	2	0.472
3	14	4	96	2	0.481
6	18	3	96	4	0.487
26	3	4	96	4	0.489
49	6	3	96	4	0.489
49	15	3	96	4	0.490
44	19	4	96	3	0.498
29	12	1	96	4	0.499
38	16	3	96	3	0.502
44	24	4	96	3	0.508
6	19	3	96	4	0.509
46	3	1	96	2	0.515
14	6	2	96	4	0.517
16	7	2	96	3	0.521
29	8	1	96	4	0.522
3	23	4	96	2	0.529
24	26	2	96	2	0.530
36	26	4	96	2	0.531
22	28	1	96	4	0.531
26	5	4	96	4	0.539
29	3	1	96	4	0.542
6	27	3	96	4	0.544
24	6	2	96	2	0.546
46	9	1	96	2	0.551
15	14	3	96	2	0.561
23	3	3	96	2	0.561
14	15	2	96	4	0.570
52	17	2	96	3	0.575
22	12	1	96	4	0.578
13	10	1	96	3	0.581
29	1	1	96	4	0.582
6	9	3	96	4	0.586
46	29	1	96	2	0.588
15	2	3	96	2	0.588
12	14	2	96	2	0.594
16	29	1	96	3	0.595
3	13	4	96	2	0.598
13	30	2	96	3	0.604
6	31	3	96	4	0.606
49	17	3	96	4	0.609
52	5	2	96	3	0.618
13	14	1	96	3	0.619
44	2	4	96	3	0.620
44	15	4	96	3	0.621
6	16	3	96	4	0.622
49	13	3	96	4	0.624
49	29	3	96	4	0.630
13	18	1	96	3	0.639
23	12	3	96	2	0.640
49	7	3	96	4	0.644
26	30	4	96	4	0.645
29	18	1	96	4	0.651
6	5	3	96	4	0.652
46	17	1	96	2	0.654
14	31	2	96	4	0.660
3	7	4	96	2	0.661
27	12	2	96	3	0.663
46	18	1	96	2	0.663
46	11	1	96	2	0.666
14	11	2	96	4	0.669
12	28	2	96	2	0.669
22	1	1	96	4	0.672
15	7	3	96	2	0.672
27	29	2	96	3	0.673
14	7	2	96	4	0.674
46	19	1	96	2	0.675
16	9	1	96	3	0.678
52	13	2	96	3	0.679
36	21	4	96	2	0.680
40	21	4	96	3	0.692
12	11	2	96	2	0.694
3	27	4	96	2	0.695
6	11	3	96	4	0.701
13	6	1	96	3	0.704
40	2	4	96	3	0.711
24	13	2	96	2	0.714
23	17	3	96	2	0.722
51	3	1	96	2	0.723
38	26	3	96	3	0.723
12	29	2	96	2	0.726
26	16	4	96	4	0.733
26	14	4	96	4	0.736
22	14	1	96	4	0.739
29	26	1	96	4	0.740
3	11	4	96	2	0.740
51	31	1	96	2	0.743
23	16	3	96	2	0.748
38	13	3	96	3	0.749
40	4	4	96	3	0.756
27	8	2	96	3	0.757
44	23	4	96	3	0.759
26	2	4	96	4	0.762
12	31	2	96	2	0.767
22	7	1	96	4	0.768
44	21	4	96	3	0.774
29	7	1	96	4	0.775
24	31	2	96	2	0.778
26	31	4	96	4	0.781
44	4	4	96	3	0.783
23	7	3	96	2	0.786
26	18	4	96	4	0.794
3	9	4	96	2	0.794
27	3	2	96	3	0.796
52	16	2	96	3	0.796
24	29	2	96	2	0.799
52	28	2	96	3	0.801
51	6	1	96	2	0.801
12	26	2	96	2	0.802
6	28	3	96	4	0.804
40	23	4	96	3	0.805
26	27	4	96	4	0.807
27	28	2	96	3	0.808
16	31	1	96	3	0.810
51	11	1	96	2	0.812
36	4	4	96	2	0.814
38	11	3	96	3	0.814
14	28	2	96	4	0.834
15	18	3	96	2	0.838
27	18	2	96	3	0.839
3	15	4	96	2	0.845
23	9	3	96	2	0.864
6	14	3	96	4	0.869
52	26	2	96	3	0.877
14	26	2	96	4	0.878
26	4	4	96	4	0.879
16	28	1	96	3	0.881
38	27	3	96	3	0.883
13	7	2	96	3	0.885
24	10	2	96	2	0.892
6	2	3	96	4	0.899
12	18	2	96	2	0.901
38	5	3	96	3	0.901
16	13	2	96	3	0.910
46	16	1	96	2	0.918
27	9	2	96	3	0.920
14	17	2	96	4	0.920
3	19	4	96	2	0.927
23	11	3	96	2	0.927
13	29	1	96	3	0.929
26	11	4	96	4	0.931
52	11	2	96	3	0.933
3	31	4	96	2	0.933
51	24	1	96	2	0.934
14	3	2	96	4	0.937
15	3	3	96	2	0.937
13	17	1	96	3	0.939
6	21	3	96	4	0.939
26	19	4	96	4	0.942
27	11	2	96	3	0.942
23	29	3	96	2	0.950
38	31	3	96	3	0.952
26	9	4	96	4	0.962
24	24	2	96	2	0.963
3	4	4	96	2	0.966
15	24	3	96	2	0.968
51	4	1	96	2	0.969
38	15	3	96	3	0.970
22	18	1	96	4	0.973
14	29	2	96	4	0.987
26	22	4	96	4	0.988
15	26	3	96	2	0.991
15	19	3	96	2	0.991
16	11	2	96	3	0.992
26	28	4	96	4	0.994
12	24	2	96	2	0.997
51	23	1	96	2	1.002
14	24	2	96	4	1.003
49	14	3	96	4	1.006
16	26	1	96	3	1.007
52	19	2	96	3	1.009
12	3	2	96	2	1.011
38	9	3	96	3	1.015
26	15	4	96	4	1.016
3	26	4	96	2	1.019
26	26	4	96	4	1.025
6	26	3	96	4	1.028
14	27	2	96	4	1.028
52	9	2	96	3	1.029
29	4	1	96	4	1.032
16	24	1	96	3	1.047
3	5	4	96	2	1.051
22	26	1	96	4	1.056
13	3	1	96	3	1.057
16	27	1	96	3	1.068
23	13	3	96	2	1.074
49	27	3	96	4	1.077
51	15	1	96	2	1.082
29	19	1	96	4	1.085
15	17	3	96	2	1.095
3	2	4	96	2	1.097
6	23	3	96	4	1.097
52	15	2	96	3	1.099
27	14	2	96	3	1.103
38	19	3	96	3	1.111
49	19	3	96	4	1.111
27	27	2	96	3	1.115
15	15	3	96	2	1.115
46	5	1	96	2	1.119
46	2	1	96	2	1.120
52	2	2	96	3	1.124
15	21	3	96	2	1.132
16	10	1	96	3	1.137
29	17	1	96	4	1.141
49	9	3	96	4	1.145
49	31	3	96	4	1.150
51	10	1	96	2	1.153
12	6	2	96	2	1.153
13	16	1	96	3	1.154
46	27	1	96	2	1.157
22	3	1	96	4	1.163
14	10	2	96	4	1.163
29	10	1	96	4	1.164
15	4	3	96	2	1.167
27	26	2	96	3	1.168
16	6	1	96	3	1.169
46	31	1	96	2	1.171
22	29	1	96	4	1.184
6	4	3	96	4	1.185
13	28	1	96	3	1.198
29	6	1	96	4	1.208
26	21	4	96	4	1.209
51	17	1	96	2	1.219
16	19	1	96	3	1.224
12	10	2	96	2	1.226
46	26	1	96	2	1.228
15	10	3	96	2	1.228
38	2	3	96	3	1.229
27	13	2	96	3	1.230
23	15	3	96	2	1.231
51	27	1	96	2	1.242
46	15	1	96	2	1.247
12	13	2	96	2	1.250
29	13	1	96	4	1.255
51	19	1	96	2	1.263
14	19	2	96	4	1.268
29	15	1	96	4	1.272
12	17	2	96	2	1.275
15	23	3	96	2	1.279
22	21	1	96	4	1.279
22	10	1	96	4	1.283
13	11	2	96	3	1.289
26	23	4	96	4	1.291
13	5	1	96	3	1.296
49	2	3	96	4	1.297
51	21	1	96	2	1.298
23	31	3	96	2	1.304
29	24	1	96	4	1.310
29	21	1	96	4	1.311
3	21	4	96	2	1.316
27	6	2	96	3	1.316
13	26	1	96	3	1.326
16	17	1	96	3	1.342
13	19	1	96	3	1.343
27	10	2	96	3	1.344
29	27	1	96	4	1.348
22	13	1	96	4	1.364
12	9	2	96	2	1.380
24	27	2	96	2	1.384
52	23	2	96	3	1.391
23	5	3	96	2	1.397
46	4	1	96	2	1.410
27	17	2	96	3	1.412
22	17	1	96	4	1.412
14	9	2	96	4	1.415
46	21	1	96	2	1.423
13	9	1	96	3	1.423
22	27	1	96	4	1.423
22	6	1	96	4	1.423
27	19	2	96	3	1.426
22	24	1	96	4	1.428
27	24	2	96	3	1.436
29	29	1	96	4	1.437
22	19	1	96	4	1.438
23	27	3	96	2	1.449
51	2	1	96	2	1.453
23	19	3	96	2	1.462
22	9	1	96	4	1.465
24	4	2	96	2	1.467
14	4	2	96	4	1.468
29	23	1	96	4	1.472
38	21	3	96	3	1.474
52	21	2	96	3	1.481
52	4	2	96	3	1.495
22	15	1	96	4	1.499
46	23	1	96	2	1.502
24	23	2	96	2	1.503
23	2	3	96	2	1.505
14	2	2	96	4	1.507
13	27	1	96	3	1.510
38	4	3	96	3	1.512
24	21	2	96	2	1.516
12	19	2	96	2	1.520
49	23	3	96	4	1.522
22	4	1	96	4	1.532
12	21	2	96	2	1.536
16	3	1	96	3	1.541
27	21	2	96	3	1.546
12	27	2	96	2	1.547
12	4	2	96	2	1.549
29	2	1	96	4	1.554
29	9	1	96	4	1.566
13	31	1	96	3	1.575
23	4	3	96	2	1.579
13	15	2	96	3	1.583
16	15	2	96	3	1.591
24	2	2	96	2	1.592
14	21	2	96	4	1.595
16	4	2	96	3	1.597
16	21	1	96	3	1.597
49	22	3	96	4	1.598
22	2	1	96	4	1.606
12	23	2	96	2	1.622
12	2	2	96	2	1.623
16	2	1	96	3	1.634
38	23	3	96	3	1.639
22	23	1	96	4	1.658
14	23	2	96	4	1.706
27	15	2	96	3	1.735
27	4	2	96	3	1.736
27	23	2	96	3	1.740
27	2	2	96	3	1.745
12	15	2	96	2	1.750
13	2	1	96	3	1.762
23	23	3	96	2	1.772
16	23	1	96	3	1.830
23	21	3	96	2	1.836
13	21	1	96	3	1.866
13	23	1	96	3	1.990
13	4	2	96	3	2.049
3	31	4	120	2	1.065
3	5	4	120	2	1.151
3	16	4	120	2	0.328
3	17	4	120	2	0.568
3	6	4	120	2	0.482
3	10	4	120	2	0.245
3	24	4	120	2	0.006
3	26	4	120	2	1.481
3	14	4	120	2	0.878
3	1	4	120	2	-0.464
3	18	4	120	2	0.046
3	19	4	120	2	0.870
3	2	4	120	2	1.314
3	9	4	120	2	0.727
3	27	4	120	2	0.991
3	28	4	120	2	0.806
3	21	4	120	2	1.646
3	25	4	120	2	-0.358
3	20	4	120	2	-0.289
3	13	4	120	2	1.119
3	15	4	120	2	0.902
3	7	4	120	2	0.854
3	12	4	120	2	0.171
3	4	4	120	2	1.332
3	11	4	120	2	1.331
3	30	4	120	2	0.117
3	22	4	120	2	-0.015
3	23	4	120	2	1.325
3	8	4	120	2	-0.134
3	3	4	120	2	0.467
3	29	4	120	2	0.292
26	31	4	120	4	0.951
26	5	4	120	4	0.738
26	16	4	120	4	0.915
26	17	4	120	4	0.417
26	6	4	120	4	0.267
26	10	4	120	4	0.066
26	24	4	120	4	-0.173
26	26	4	120	4	1.308
26	14	4	120	4	1.053
26	1	4	120	4	-0.031
26	18	4	120	4	1.197
26	19	4	120	4	1.219
26	2	4	120	4	1.104
26	9	4	120	4	1.189
26	27	4	120	4	0.987
26	28	4	120	4	1.252
26	21	4	120	4	1.351
26	25	4	120	4	-0.238
26	20	4	120	4	0.551
26	13	4	120	4	0.606
26	15	4	120	4	1.171
26	7	4	120	4	0.111
26	12	4	120	4	0.256
26	4	4	120	4	0.908
26	11	4	120	4	1.071
26	30	4	120	4	0.996
26	22	4	120	4	1.410
26	23	4	120	4	1.502
26	8	4	120	4	0.088
26	3	4	120	4	0.826
26	29	4	120	4	0.463
36	31	4	120	2	-1.038
36	5	4	120	2	-1.183
36	16	4	120	2	-1.208
36	17	4	120	2	0.073
36	6	4	120	2	0.343
36	10	4	120	2	0.164
36	24	4	120	2	0.121
36	26	4	120	2	0.414
36	14	4	120	2	0.073
36	1	4	120	2	-0.273
36	18	4	120	2	-0.022
36	19	4	120	2	-0.301
36	2	4	120	2	0.036
36	9	4	120	2	-0.821
36	27	4	120	2	0.263
36	28	4	120	2	0.422
36	21	4	120	2	0.501
36	25	4	120	2	-1.231
36	20	4	120	2	-0.805
36	13	4	120	2	-0.202
36	15	4	120	2	-0.266
36	7	4	120	2	-1.266
36	12	4	120	2	-0.685
36	4	4	120	2	0.642
36	11	4	120	2	-0.917
36	30	4	120	2	-1.083
36	22	4	120	2	0.042
36	23	4	120	2	0.260
36	8	4	120	2	-0.356
36	3	4	120	2	0.061
36	29	4	120	2	-0.214
40	31	4	120	3	-0.597
40	5	4	120	3	-1.016
40	16	4	120	3	-0.998
40	17	4	120	3	0.013
40	6	4	120	3	-0.211
40	10	4	120	3	-0.170
40	24	4	120	3	-0.331
40	26	4	120	3	0.034
40	14	4	120	3	0.184
40	1	4	120	3	-1.681
40	18	4	120	3	-0.942
40	19	4	120	3	0.129
40	2	4	120	3	0.286
40	9	4	120	3	-0.117
40	27	4	120	3	-0.208
40	28	4	120	3	-0.223
40	21	4	120	3	0.244
40	25	4	120	3	-1.526
40	20	4	120	3	-1.123
40	13	4	120	3	-0.158
40	15	4	120	3	0.014
40	7	4	120	3	-0.605
40	12	4	120	3	-0.331
40	4	4	120	3	0.394
40	11	4	120	3	-0.551
40	30	4	120	3	-0.778
40	22	4	120	3	-1.007
40	23	4	120	3	0.412
40	8	4	120	3	-1.304
40	3	4	120	3	-0.346
40	29	4	120	3	-0.477
44	31	4	120	3	-1.325
44	5	4	120	3	-1.476
44	16	4	120	3	-1.516
44	17	4	120	3	0.072
44	6	4	120	3	0.237
44	10	4	120	3	-0.029
44	24	4	120	3	0.191
44	26	4	120	3	0.108
44	14	4	120	3	-0.779
44	1	4	120	3	-1.095
44	18	4	120	3	-0.225
44	19	4	120	3	0.325
44	2	4	120	3	0.312
44	9	4	120	3	-0.249
44	27	4	120	3	0.038
44	28	4	120	3	-0.047
44	21	4	120	3	0.445
44	25	4	120	3	-1.188
44	20	4	120	3	-0.522
44	13	4	120	3	-0.030
44	15	4	120	3	0.221
44	7	4	120	3	-0.440
44	12	4	120	3	-0.677
44	4	4	120	3	0.490
44	11	4	120	3	-0.151
44	30	4	120	3	-0.881
44	22	4	120	3	-0.406
44	23	4	120	3	0.428
44	8	4	120	3	-0.751
44	3	4	120	3	-0.083
44	29	4	120	3	-0.561
6	31	3	120	4	0.606
6	5	3	120	4	0.654
6	16	3	120	4	0.646
6	17	3	120	4	0.115
6	6	3	120	4	-0.010
6	10	3	120	4	-0.226
6	24	3	120	4	-0.483
6	26	3	120	4	1.127
6	14	3	120	4	0.992
6	1	3	120	4	-0.684
6	18	3	120	4	0.835
6	19	3	120	4	0.746
6	2	3	120	4	0.940
6	9	3	120	4	0.716
6	27	3	120	4	0.553
6	28	3	120	4	0.985
6	21	3	120	4	1.039
6	25	3	120	4	-0.304
6	20	3	120	4	-0.071
6	13	3	120	4	0.442
6	15	3	120	4	0.086
6	7	3	120	4	-0.118
6	12	3	120	4	-0.940
6	4	3	120	4	1.211
6	11	3	120	4	0.711
6	30	3	120	4	-0.087
6	22	3	120	4	0.655
6	23	3	120	4	1.173
6	8	3	120	4	-0.732
6	3	3	120	4	-0.284
6	29	3	120	4	-0.143
15	31	3	120	2	-0.250
15	5	3	120	2	-0.396
15	16	3	120	2	-0.445
15	17	3	120	2	0.771
15	6	3	120	2	-0.361
15	10	3	120	2	0.991
15	24	3	120	2	0.788
15	26	3	120	2	0.988
15	14	3	120	2	0.700
15	1	3	120	2	0.456
15	18	3	120	2	0.684
15	19	3	120	2	1.160
15	2	3	120	2	0.876
15	9	3	120	2	-0.047
15	27	3	120	2	-0.352
15	28	3	120	2	0.482
15	21	3	120	2	1.049
15	25	3	120	2	-0.452
15	20	3	120	2	-0.303
15	13	3	120	2	0.687
15	15	3	120	2	1.369
15	7	3	120	2	0.772
15	12	3	120	2	0.138
15	4	3	120	2	1.116
15	11	3	120	2	0.245
15	30	3	120	2	-0.411
15	22	3	120	2	0.366
15	23	3	120	2	1.273
15	8	3	120	2	-0.130
15	3	3	120	2	0.883
15	29	3	120	2	0.277
23	31	3	120	2	1.108
23	5	3	120	2	0.951
23	16	3	120	2	0.567
23	17	3	120	2	0.715
23	6	3	120	2	0.498
23	10	3	120	2	0.388
23	24	3	120	2	0.160
23	26	3	120	2	0.536
23	14	3	120	2	-0.103
23	1	3	120	2	0.140
23	18	3	120	2	0.223
23	19	3	120	2	1.355
23	2	3	120	2	1.280
23	9	3	120	2	0.441
23	27	3	120	2	1.280
23	28	3	120	2	0.722
23	21	3	120	2	1.933
23	25	3	120	2	0.086
23	20	3	120	2	0.091
23	13	3	120	2	1.330
23	15	3	120	2	1.333
23	7	3	120	2	0.801
23	12	3	120	2	1.011
23	4	3	120	2	1.634
23	11	3	120	2	1.156
23	30	3	120	2	0.188
23	22	3	120	2	-0.183
23	23	3	120	2	1.779
23	8	3	120	2	0.291
23	3	3	120	2	0.690
23	29	3	120	2	0.923
38	31	3	120	3	0.568
38	5	3	120	3	0.506
38	16	3	120	3	0.345
38	17	3	120	3	0.104
38	6	3	120	3	-0.001
38	10	3	120	3	-0.231
38	24	3	120	3	-0.461
38	26	3	120	3	0.674
38	14	3	120	3	0.240
38	1	3	120	3	-1.017
38	18	3	120	3	-0.163
38	19	3	120	3	0.879
38	2	3	120	3	0.906
38	9	3	120	3	0.789
38	27	3	120	3	0.632
38	28	3	120	3	0.489
38	21	3	120	3	1.217
38	25	3	120	3	-0.736
38	20	3	120	3	-0.325
38	13	3	120	3	0.840
38	15	3	120	3	0.723
38	7	3	120	3	-0.188
38	12	3	120	3	0.335
38	4	3	120	3	1.262
38	11	3	120	3	0.472
38	30	3	120	3	-0.126
38	22	3	120	3	0.004
38	23	3	120	3	1.322
38	8	3	120	3	-0.689
38	3	3	120	3	-0.119
38	29	3	120	3	-0.069
49	31	3	120	4	1.150
49	5	3	120	4	0.434
49	16	3	120	4	0.388
49	17	3	120	4	0.671
49	6	3	120	4	0.545
49	10	3	120	4	0.295
49	24	3	120	4	0.024
49	26	3	120	4	0.307
49	14	3	120	4	1.215
49	1	3	120	4	-0.347
49	18	3	120	4	0.192
49	19	3	120	4	1.337
49	2	3	120	4	1.398
49	9	3	120	4	1.306
49	27	3	120	4	1.096
49	28	3	120	4	0.237
49	21	3	120	4	0.140
49	25	3	120	4	-0.037
49	20	3	120	4	-0.413
49	13	3	120	4	0.905
49	15	3	120	4	0.508
49	7	3	120	4	1.078
49	12	3	120	4	0.335
49	4	3	120	4	0.235
49	11	3	120	4	-0.135
49	30	3	120	4	-0.471
49	22	3	120	4	1.726
49	23	3	120	4	1.599
49	8	3	120	4	-0.002
49	3	3	120	4	0.213
49	29	3	120	4	0.648
12	31	2	120	2	0.682
12	5	2	120	2	0.064
12	16	2	120	2	0.268
12	17	2	120	2	0.975
12	6	2	120	2	1.120
12	10	2	120	2	1.120
12	24	2	120	2	0.970
12	26	2	120	2	0.982
12	14	2	120	2	0.318
12	1	2	120	2	-0.122
12	18	2	120	2	0.238
12	19	2	120	2	1.120
12	2	2	120	2	1.617
12	9	2	120	2	0.668
12	27	2	120	2	1.408
12	28	2	120	2	0.786
12	21	2	120	2	1.510
12	25	2	120	2	-0.303
12	20	2	120	2	0.324
12	13	2	120	2	1.515
12	15	2	120	2	1.783
12	7	2	120	2	-0.168
12	12	2	120	2	0.796
12	4	2	120	2	1.702
12	11	2	120	2	0.810
12	30	2	120	2	0.090
12	22	2	120	2	0.556
12	23	2	120	2	1.766
12	8	2	120	2	0.579
12	3	2	120	2	1.325
12	29	2	120	2	1.143
13	13	2	120	3	0.352
13	15	2	120	3	1.451
13	7	2	120	3	1.021
13	12	2	120	3	0.440
13	4	2	120	3	2.089
13	11	2	120	3	1.353
13	30	2	120	3	1.023
13	22	2	120	3	0.465
14	31	2	120	4	0.668
14	5	2	120	4	0.337
14	16	2	120	4	0.282
14	17	2	120	4	0.901
14	6	2	120	4	0.502
14	10	2	120	4	1.132
14	24	2	120	4	0.978
14	26	2	120	4	1.078
14	14	2	120	4	0.395
14	1	2	120	4	-0.163
14	18	2	120	4	0.478
14	19	2	120	4	1.422
14	2	2	120	4	1.576
14	9	2	120	4	1.463
14	27	2	120	4	1.320
14	28	2	120	4	1.123
14	21	2	120	4	1.556
14	25	2	120	4	-0.110
14	20	2	120	4	-0.045
14	13	2	120	4	0.796
14	15	2	120	4	0.607
14	7	2	120	4	0.895
14	12	2	120	4	-0.197
14	4	2	120	4	1.407
14	11	2	120	4	0.598
14	30	2	120	4	-0.376
14	22	2	120	4	-0.058
14	23	2	120	4	1.704
14	8	2	120	4	-0.105
14	3	2	120	4	0.919
14	29	2	120	4	0.925
16	13	2	120	3	1.236
16	15	2	120	3	1.504
16	7	2	120	3	0.840
16	12	2	120	3	0.654
16	4	2	120	3	1.589
16	11	2	120	3	0.803
16	30	2	120	3	0.463
16	22	2	120	3	0.404
24	31	2	120	2	0.771
24	5	2	120	2	0.519
24	16	2	120	2	0.428
24	17	2	120	2	0.540
24	6	2	120	2	0.703
24	10	2	120	2	0.997
24	24	2	120	2	1.034
24	26	2	120	2	0.688
24	14	2	120	2	0.199
24	1	2	120	2	0.071
24	18	2	120	2	0.041
24	19	2	120	2	-0.186
24	2	2	120	2	1.706
24	9	2	120	2	0.402
24	27	2	120	2	1.325
24	28	2	120	2	0.564
24	21	2	120	2	1.591
24	25	2	120	2	-0.176
24	20	2	120	2	0.146
24	13	2	120	2	1.173
24	15	2	120	2	0.033
24	7	2	120	2	0.606
24	12	2	120	2	-0.278
24	4	2	120	2	1.617
24	11	2	120	2	-0.152
24	30	2	120	2	-0.069
24	22	2	120	2	0.237
24	23	2	120	2	1.055
24	8	2	120	2	0.291
24	3	2	120	2	0.278
24	29	2	120	2	0.817
27	31	2	120	3	-0.174
27	5	2	120	3	-0.326
27	16	2	120	3	-0.362
27	17	2	120	3	1.146
27	6	2	120	3	1.296
27	10	2	120	3	0.998
27	24	2	120	3	1.321
27	26	2	120	3	1.119
27	14	2	120	3	1.173
27	1	2	120	3	0.123
27	18	2	120	3	0.630
27	19	2	120	3	1.381
27	2	2	120	3	1.613
27	9	2	120	3	0.883
27	27	2	120	3	0.913
27	28	2	120	3	0.830
27	21	2	120	3	1.365
27	25	2	120	3	-0.385
27	20	2	120	3	-0.355
27	13	2	120	3	1.459
27	15	2	120	3	1.568
27	7	2	120	3	0.467
27	12	2	120	3	0.776
27	4	2	120	3	1.646
27	11	2	120	3	0.683
27	30	2	120	3	-0.484
27	22	2	120	3	0.503
27	23	2	120	3	1.591
27	8	2	120	3	0.629
27	3	2	120	3	0.593
27	29	2	120	3	0.490
52	31	2	120	3	-0.061
52	5	2	120	3	0.366
52	16	2	120	3	0.718
52	17	2	120	3	0.485
52	6	2	120	3	0.272
52	10	2	120	3	0.128
52	24	2	120	3	-0.105
52	26	2	120	3	1.118
52	14	2	120	3	0.850
52	1	2	120	3	-0.627
52	18	2	120	3	-0.565
52	19	2	120	3	0.925
52	2	2	120	3	1.164
52	9	2	120	3	0.984
52	27	2	120	3	0.031
52	28	2	120	3	1.145
52	21	2	120	3	1.566
52	25	2	120	3	-0.663
52	20	2	120	3	0.376
52	13	2	120	3	1.005
52	15	2	120	3	1.043
52	7	2	120	3	0.242
52	12	2	120	3	-0.209
52	4	2	120	3	1.559
52	11	2	120	3	0.872
52	30	2	120	3	-0.554
52	22	2	120	3	-0.242
52	23	2	120	3	1.455
52	8	2	120	3	-0.107
52	3	2	120	3	-0.469
52	29	2	120	3	-0.524
13	31	1	120	3	1.425
13	5	1	120	3	1.165
13	16	1	120	3	1.187
13	17	1	120	3	0.901
13	6	1	120	3	0.746
13	10	1	120	3	0.542
13	24	1	120	3	0.298
13	26	1	120	3	1.428
13	14	1	120	3	0.915
13	1	1	120	3	-0.223
13	18	1	120	3	0.644
13	19	1	120	3	1.494
13	2	1	120	3	1.686
13	9	1	120	3	1.469
13	27	1	120	3	1.523
13	28	1	120	3	1.495
13	21	1	120	3	1.932
13	25	1	120	3	0.062
13	20	1	120	3	0.745
13	23	1	120	3	2.046
13	8	1	120	3	0.295
13	3	1	120	3	0.938
13	29	1	120	3	0.949
16	31	1	120	3	0.736
16	5	1	120	3	0.384
16	16	1	120	3	0.323
16	17	1	120	3	1.281
16	6	1	120	3	1.195
16	10	1	120	3	1.015
16	24	1	120	3	0.990
16	26	1	120	3	1.150
16	14	1	120	3	0.568
16	1	1	120	3	-0.446
16	18	1	120	3	0.064
16	19	1	120	3	1.329
16	2	1	120	3	1.585
16	9	1	120	3	0.826
16	27	1	120	3	1.195
16	28	1	120	3	1.096
16	21	1	120	3	1.605
16	25	1	120	3	-0.173
16	20	1	120	3	-0.446
16	23	1	120	3	1.793
16	8	1	120	3	0.264
16	3	1	120	3	1.365
16	29	1	120	3	0.542
22	31	1	120	4	-0.072
22	5	1	120	4	-0.221
22	16	1	120	4	-0.257
22	17	1	120	4	1.443
22	6	1	120	4	1.476
22	10	1	120	4	1.335
22	24	1	120	4	1.456
22	26	1	120	4	1.239
22	14	1	120	4	0.901
22	1	1	120	4	0.702
22	18	1	120	4	1.042
22	19	1	120	4	1.589
22	2	1	120	4	1.646
22	9	1	120	4	1.564
22	27	1	120	4	1.474
22	28	1	120	4	0.818
22	21	1	120	4	1.254
22	25	1	120	4	-0.102
22	20	1	120	4	0.008
22	13	1	120	4	1.411
22	15	1	120	4	1.640
22	7	1	120	4	1.155
22	12	1	120	4	0.944
22	4	1	120	4	1.612
22	11	1	120	4	0.407
22	30	1	120	4	0.375
22	22	1	120	4	0.355
22	23	1	120	4	1.663
22	8	1	120	4	0.668
22	3	1	120	4	1.210
22	29	1	120	4	1.221
29	31	1	120	4	-0.463
29	5	1	120	4	-0.621
29	16	1	120	4	-0.655
29	17	1	120	4	0.926
29	6	1	120	4	0.979
29	10	1	120	4	0.884
29	24	1	120	4	1.035
29	26	1	120	4	0.601
29	14	1	120	4	0.144
29	1	1	120	4	0.289
29	18	1	120	4	0.393
29	19	1	120	4	1.084
29	2	1	120	4	1.281
29	9	1	120	4	1.320
29	27	1	120	4	1.087
29	28	1	120	4	0.326
29	21	1	120	4	1.125
29	25	1	120	4	-0.670
29	20	1	120	4	-0.701
29	13	1	120	4	1.166
29	15	1	120	4	1.035
29	7	1	120	4	0.695
29	12	1	120	4	0.525
29	4	1	120	4	0.984
29	11	1	120	4	0.186
29	30	1	120	4	-0.075
29	22	1	120	4	-0.610
29	23	1	120	4	1.188
29	8	1	120	4	0.298
29	3	1	120	4	0.276
29	29	1	120	4	1.218
46	31	1	120	2	1.136
46	5	1	120	2	0.766
46	16	1	120	2	0.991
46	17	1	120	2	0.677
46	6	1	120	2	0.510
46	10	1	120	2	0.304
46	24	1	120	2	0.041
46	26	1	120	2	1.421
46	14	1	120	2	0.817
46	1	1	120	2	-0.385
46	18	1	120	2	0.140
46	19	1	120	2	0.872
46	2	1	120	2	1.270
46	9	1	120	2	0.574
46	27	1	120	2	1.105
46	28	1	120	2	0.873
46	21	1	120	2	1.598
46	25	1	120	2	0.135
46	20	1	120	2	0.041
46	13	1	120	2	0.829
46	15	1	120	2	1.471
46	7	1	120	2	0.041
46	12	1	120	2	0.300
46	4	1	120	2	1.714
46	11	1	120	2	0.830
46	30	1	120	2	0.132
46	22	1	120	2	0.057
46	23	1	120	2	1.653
46	8	1	120	2	-0.105
46	3	1	120	2	0.538
46	29	1	120	2	0.545
51	31	1	120	2	0.856
51	5	1	120	2	0.480
51	16	1	120	2	0.383
51	17	1	120	2	0.856
51	6	1	120	2	1.233
51	10	1	120	2	1.227
51	24	1	120	2	1.083
51	26	1	120	2	0.642
51	14	1	120	2	-0.025
51	1	1	120	2	-0.016
51	18	1	120	2	0.258
51	19	1	120	2	1.083
51	2	1	120	2	1.688
51	9	1	120	2	0.522
51	27	1	120	2	1.398
51	28	1	120	2	0.926
51	21	1	120	2	1.605
51	25	1	120	2	-0.090
51	20	1	120	2	-0.231
51	13	1	120	2	0.431
51	15	1	120	2	1.436
51	7	1	120	2	-0.126
51	12	1	120	2	-0.008
51	4	1	120	2	1.665
51	11	1	120	2	1.087
51	30	1	120	2	0.227
51	22	1	120	2	0.164
51	23	1	120	2	1.835
51	8	1	120	2	0.651
51	3	1	120	2	1.436
51	29	1	120	2	0.866
